0 0.0357143
0 0.0357113
1 0.0357076
2 0.0357058
3 0.0357
4 0.0356964
5 0.0356929
6 0.0356891
7 0.0356847
8 0.0356801
9 0.0356752
10 0.0356702
11 0.0356674
12 0.035664
13 0.0356589
14 0.0356558
15 0.0356509
16 0.0356478
17 0.0356462
18 0.0356477
19 0.0356446
20 0.0356405
21 0.0356362
22 0.0356313
23 0.0356272
24 0.0356234
25 0.0356202
26 0.0356176
27 0.0356129
28 0.0356093
29 0.0356062
30 0.0356014
31 0.0355969
32 0.0355952
33 0.0355918
34 0.0355877
35 0.0355838
36 0.035581
37 0.0355764
38 0.0355749
39 0.0355736
40 0.0355683
41 0.0355645
42 0.0355591
43 0.0355548
44 0.0355517
45 0.0355482
46 0.0355466
47 0.0355413
48 0.0355401
49 0.0355362
50 0.0355328
51 0.0355293
52 0.0355245
53 0.035521
54 0.0355157
55 0.0355111
56 0.035506
57 0.0355014
58 0.0354957
59 0.0354913
60 0.0354857
61 0.0354823
62 0.0354783
63 0.0354746
64 0.0354688
65 0.0354651
66 0.0354607
67 0.0354555
68 0.0354517
69 0.0354459
70 0.0354434
71 0.0354384
72 0.0354347
73 0.0354292
74 0.0354252
75 0.0354234
76 0.0354204
77 0.0354164
78 0.0354129
79 0.0354107
80 0.0354077
81 0.0354045
82 0.0354015
83 0.0353966
84 0.0353943
85 0.0353935
86 0.0353898
87 0.0353851
88 0.0353802
89 0.0353762
90 0.0353733
91 0.0353682
92 0.0353634
93 0.0353615
94 0.0353577
95 0.0353545
96 0.0353521
97 0.035347
98 0.0353421
99 0.0353384
100 0.0353356
101 0.035332
102 0.0353273
103 0.0353226
104 0.0353201
105 0.0353145
106 0.0353147
107 0.0353119
108 0.0353067
109 0.0353026
110 0.0352967
111 0.0352945
112 0.0352928
113 0.0352909
114 0.0352878
115 0.0352824
116 0.0352784
117 0.0352739
118 0.0352698
119 0.0352652
120 0.0352605
121 0.0352578
122 0.035256
123 0.0352542
124 0.0352517
125 0.0352505
126 0.035248
127 0.0352448
128 0.0352413
129 0.0352378
130 0.0352321
131 0.0352283
132 0.0352249
133 0.0352194
134 0.0352164
135 0.035212
136 0.0352088
137 0.0352044
138 0.0352003
139 0.0351972
140 0.0351932
141 0.035191
142 0.0351857
143 0.0351817
144 0.0351795
145 0.035174
146 0.0351685
147 0.0351641
148 0.0351583
149 0.0351546
150 0.0351518
151 0.0351468
152 0.0351428
153 0.0351421
154 0.0351386
155 0.035134
156 0.0351314
157 0.0351259
158 0.0351239
159 0.0351196
160 0.0351147
161 0.0351104
162 0.0351064
163 0.0351003
164 0.035098
165 0.0350951
166 0.0350898
167 0.0350856
168 0.0350835
169 0.0350802
170 0.0350743
171 0.0350701
172 0.035068
173 0.0350635
174 0.0350622
175 0.035058
176 0.0350538
177 0.035049
178 0.0350436
179 0.0350396
180 0.0350361
181 0.0350333
182 0.03503
183 0.0350244
184 0.035021
185 0.0350191
186 0.0350168
187 0.0350134
188 0.0350086
189 0.0350035
190 0.0349987
191 0.034994
192 0.0349894
193 0.0349859
194 0.0349823
195 0.0349794
196 0.0349749
197 0.0349687
198 0.0349643
199 0.0349606
200 0.0349566
201 0.0349522
202 0.0349505
203 0.0349463
204 0.0349457
205 0.0349406
206 0.0349353
207 0.0349324
208 0.0349294
209 0.0349263
210 0.0349201
211 0.0349158
212 0.0349138
213 0.03491
214 0.0349049
215 0.0348995
216 0.034896
217 0.0348937
218 0.0348901
219 0.0348865
220 0.0348821
221 0.0348784
222 0.0348741
223 0.0348704
224 0.034865
225 0.0348594
226 0.0348543
227 0.0348516
228 0.034848
229 0.0348452
230 0.0348421
231 0.0348382
232 0.034834
233 0.0348305
234 0.0348273
235 0.0348224
236 0.0348197
237 0.0348139
238 0.0348081
239 0.0348033
240 0.0347985
241 0.0347941
242 0.0347906
243 0.0347863
244 0.0347814
245 0.0347775
246 0.0347722
247 0.0347668
248 0.0347608
249 0.0347554
250 0.0347521
251 0.0347491
252 0.0347461
253 0.0347422
254 0.0347371
255 0.0347326
256 0.0347269
257 0.0347206
258 0.0347177
259 0.0347124
260 0.0347102
261 0.0347076
262 0.0347042
263 0.0347018
264 0.0346965
265 0.0346929
266 0.0346899
267 0.0346895
268 0.0346847
269 0.0346796
270 0.0346758
271 0.0346712
272 0.0346663
273 0.0346641
274 0.0346595
275 0.0346572
276 0.0346516
277 0.0346485
278 0.034644
279 0.0346403
280 0.0346359
281 0.0346316
282 0.0346299
283 0.0346273
284 0.0346218
285 0.0346171
286 0.0346123
287 0.0346089
288 0.0346059
289 0.034601
290 0.0345955
291 0.034592
292 0.0345892
293 0.0345869
294 0.0345833
295 0.0345797
296 0.0345761
297 0.0345734
298 0.03457
299 0.0345665
300 0.0345616
301 0.0345578
302 0.0345533
303 0.0345478
304 0.0345441
305 0.0345407
306 0.0345368
307 0.0345323
308 0.0345267
309 0.0345269
310 0.0345217
311 0.0345185
312 0.0345158
313 0.0345117
314 0.0345059
315 0.034501
316 0.0344956
317 0.0344938
318 0.0344889
319 0.0344838
320 0.0344801
321 0.034477
322 0.0344731
323 0.03447
324 0.034465
325 0.0344617
326 0.0344588
327 0.0344535
328 0.0344484
329 0.0344445
330 0.0344414
331 0.0344386
332 0.0344336
333 0.0344277
334 0.0344243
335 0.0344197
336 0.0344145
337 0.0344107
338 0.0344073
339 0.0344024
340 0.0343971
341 0.0343918
342 0.0343874
343 0.0343847
344 0.0343838
345 0.0343826
346 0.0343806
347 0.034376
348 0.0343712
349 0.0343672
350 0.0343633
351 0.0343595
352 0.0343562
353 0.0343512
354 0.0343461
355 0.0343486
356 0.0343453
357 0.0343414
358 0.0343403
359 0.0343362
360 0.034331
361 0.0343283
362 0.0343271
363 0.0343264
364 0.0343243
365 0.0343196
366 0.0343147
367 0.0343123
368 0.0343111
369 0.0343061
370 0.0343014
371 0.0342972
372 0.0342931
373 0.0342901
374 0.0342863
375 0.0342843
376 0.034281
377 0.034281
378 0.0342784
379 0.0342752
380 0.0342735
381 0.0342706
382 0.0342664
383 0.0342625
384 0.0342611
385 0.034258
386 0.0342532
387 0.0342497
388 0.0342459
389 0.0342421
390 0.0342384
391 0.0342334
392 0.03423
393 0.0342267
394 0.034223
395 0.0342174
396 0.0342143
397 0.0342123
398 0.0342086
399 0.0342039
400 0.0342015
401 0.0341972
402 0.0341926
403 0.0341891
404 0.0341834
405 0.0341801
406 0.0341757
407 0.0341715
408 0.0341671
409 0.0341644
410 0.0341585
411 0.0341568
412 0.0341529
413 0.0341477
414 0.0341446
415 0.0341438
416 0.0341385
417 0.0341341
418 0.0341307
419 0.0341274
420 0.0341231
421 0.0341204
422 0.0341157
423 0.0341109
424 0.0341072
425 0.0341036
426 0.0340996
427 0.0340961
428 0.0340924
429 0.0340879
430 0.0340819
431 0.0340775
432 0.0340725
433 0.0340677
434 0.0340631
435 0.0340604
436 0.0340583
437 0.0340538
438 0.0340508
439 0.0340455
440 0.0340444
441 0.0340407
442 0.0340378
443 0.0340344
444 0.0340306
445 0.0340323
446 0.0340289
447 0.0340244
448 0.0340195
449 0.0340146
450 0.0340107
451 0.0340054
452 0.0340027
453 0.033999
454 0.0339958
455 0.0339924
456 0.0339891
457 0.0339835
458 0.0339787
459 0.0339783
460 0.0339734
461 0.0339688
462 0.0339637
463 0.0339588
464 0.0339565
465 0.0339512
466 0.0339471
467 0.0339451
468 0.0339411
469 0.0339369
470 0.0339341
471 0.0339346
472 0.0339326
473 0.0339272
474 0.0339229
475 0.0339196
476 0.0339165
477 0.033914
478 0.0339101
479 0.0339063
480 0.0339028
481 0.0338983
482 0.0338989
483 0.0338943
484 0.0338929
485 0.0338887
486 0.0338828
487 0.033878
488 0.0338741
489 0.0338705
490 0.0338652
491 0.0338618
492 0.0338585
493 0.0338534
494 0.0338491
495 0.0338466
496 0.0338418
497 0.0338376
498 0.0338325
499 0.0338295
500 0.0338274
501 0.0338244
502 0.0338211
503 0.0338179
504 0.033815
505 0.0338108
506 0.0338067
507 0.0338035
508 0.0338003
509 0.0337953
510 0.0337906
511 0.0337856
512 0.0337819
513 0.0337767
514 0.0337713
515 0.0337702
516 0.0337672
517 0.0337634
518 0.0337593
519 0.0337545
520 0.0337492
521 0.0337447
522 0.0337413
523 0.0337356
524 0.0337324
525 0.0337295
526 0.0337261
527 0.0337232
528 0.0337201
529 0.0337168
530 0.0337113
531 0.0337078
532 0.0337033
533 0.0336987
534 0.0336927
535 0.0336885
536 0.0336853
537 0.0336822
538 0.0336822
539 0.0336789
540 0.0336772
541 0.0336739
542 0.0336706
543 0.0336671
544 0.0336635
545 0.03366
546 0.0336578
547 0.0336541
548 0.0336524
549 0.0336497
550 0.033645
551 0.0336425
552 0.0336383
553 0.0336339
554 0.0336317
555 0.0336288
556 0.0336245
557 0.0336206
558 0.0336168
559 0.0336143
560 0.0336108
561 0.0336074
562 0.0336029
563 0.0336002
564 0.0335952
565 0.0335908
566 0.0335873
567 0.033583
568 0.0335803
569 0.0335751
570 0.0335702
571 0.0335677
572 0.033568
573 0.0335642
574 0.0335593
575 0.033556
576 0.03355
577 0.033547
578 0.0335437
579 0.0335401
580 0.0335381
581 0.0335346
582 0.03353
583 0.0335296
584 0.0335257
585 0.0335212
586 0.0335166
587 0.0335114
588 0.0335061
589 0.0335033
590 0.0335013
591 0.0334963
592 0.0334933
593 0.0334883
594 0.0334838
595 0.0334807
596 0.0334768
597 0.0334745
598 0.0334696
599 0.0334657
600 0.0334606
601 0.0334568
602 0.0334535
603 0.0334494
604 0.0334477
605 0.0334432
606 0.0334411
607 0.0334355
608 0.0334327
609 0.0334287
610 0.033425
611 0.0334207
612 0.0334148
613 0.0334119
614 0.0334089
615 0.0334039
616 0.033401
617 0.0333959
618 0.0333909
619 0.0333859
620 0.0333815
621 0.0333763
622 0.0333721
623 0.0333679
624 0.0333629
625 0.0333604
626 0.033356
627 0.0333541
628 0.0333509
629 0.0333471
630 0.0333442
631 0.033339
632 0.0333362
633 0.0333363
634 0.0333327
635 0.0333292
636 0.0333263
637 0.0333226
638 0.0333198
639 0.0333176
640 0.0333131
641 0.0333098
642 0.0333045
643 0.0332994
644 0.0332944
645 0.0332908
646 0.0332888
647 0.0332874
648 0.0332828
649 0.0332795
650 0.0332749
651 0.03327
652 0.0332655
653 0.0332601
654 0.0332557
655 0.0332505
656 0.0332459
657 0.0332427
658 0.0332371
659 0.0332353
660 0.033234
661 0.0332294
662 0.0332241
663 0.0332186
664 0.0332143
665 0.0332094
666 0.0332053
667 0.0332035
668 0.0331988
669 0.0331929
670 0.0331884
671 0.0331839
672 0.0331812
673 0.0331783
674 0.0331726
675 0.0331679
676 0.0331654
677 0.0331616
678 0.0331587
679 0.0331532
680 0.0331478
681 0.0331427
682 0.0331391
683 0.0331381
684 0.0331341
685 0.0331303
686 0.0331254
687 0.0331206
688 0.0331158
689 0.0331126
690 0.0331084
691 0.0331043
692 0.0330996
693 0.0330956
694 0.0330919
695 0.0330881
696 0.0330839
697 0.0330797
698 0.0330742
699 0.0330724
700 0.0330694
701 0.0330672
702 0.0330634
703 0.0330591
704 0.0330559
705 0.0330516
706 0.0330498
707 0.0330474
708 0.0330434
709 0.0330387
710 0.0330354
711 0.0330321
712 0.033028
713 0.0330232
714 0.0330192
715 0.0330158
716 0.0330123
717 0.0330078
718 0.033004
719 0.0330006
720 0.0329968
721 0.0329928
722 0.0329889
723 0.0329859
724 0.0329819
725 0.0329802
726 0.0329766
727 0.0329724
728 0.0329673
729 0.0329621
730 0.0329565
731 0.0329516
732 0.032949
733 0.0329456
734 0.0329418
735 0.0329373
736 0.0329325
737 0.032927
738 0.0329229
739 0.0329179
740 0.032913
741 0.0329087
742 0.0329061
743 0.0329024
744 0.0328995
745 0.0328954
746 0.0328911
747 0.032886
748 0.0328832
749 0.0328811
750 0.032877
751 0.0328755
752 0.0328745
753 0.0328691
754 0.0328686
755 0.0328641
756 0.032859
757 0.0328547
758 0.0328492
759 0.0328455
760 0.032842
761 0.0328383
762 0.0328344
763 0.0328295
764 0.0328254
765 0.0328223
766 0.0328176
767 0.0328134
768 0.032809
769 0.0328048
770 0.0328025
771 0.0327975
772 0.0327925
773 0.0327872
774 0.0327824
775 0.0327792
776 0.0327744
777 0.0327704
778 0.0327673
779 0.032764
780 0.0327588
781 0.0327549
782 0.032753
783 0.0327481
784 0.0327461
785 0.0327412
786 0.032739
787 0.0327367
788 0.0327324
789 0.0327291
790 0.0327246
791 0.0327198
792 0.032716
793 0.0327107
794 0.0327097
795 0.0327055
796 0.0327011
797 0.0326965
798 0.0326904
799 0.0326878
800 0.0326855
801 0.0326829
802 0.0326788
803 0.0326741
804 0.0326681
805 0.0326681
806 0.0326651
807 0.032661
808 0.0326556
809 0.0326525
810 0.0326485
811 0.0326473
812 0.0326433
813 0.0326403
814 0.0326374
815 0.0326334
816 0.032631
817 0.0326269
818 0.0326246
819 0.0326213
820 0.0326168
821 0.032613
822 0.0326087
823 0.0326062
824 0.0326024
825 0.0326003
826 0.0325945
827 0.0325896
828 0.0325849
829 0.0325816
830 0.0325795
831 0.0325751
832 0.0325719
833 0.0325692
834 0.0325646
835 0.0325625
836 0.0325589
837 0.0325547
838 0.0325495
839 0.032547
840 0.0325416
841 0.0325406
842 0.0325352
843 0.0325326
844 0.0325302
845 0.0325254
846 0.0325211
847 0.0325171
848 0.0325134
849 0.0325116
850 0.032508
851 0.0325036
852 0.0324986
853 0.0324946
854 0.0324922
855 0.0324871
856 0.0324853
857 0.0324807
858 0.0324765
859 0.0324708
860 0.0324665
861 0.0324629
862 0.0324593
863 0.0324554
864 0.0324507
865 0.0324476
866 0.0324452
867 0.0324436
868 0.0324408
869 0.0324379
870 0.0324362
871 0.0324334
872 0.0324321
873 0.0324307
874 0.032426
875 0.0324223
876 0.0324173
877 0.0324132
878 0.0324115
879 0.0324071
880 0.0324034
881 0.0324006
882 0.0323965
883 0.0323943
884 0.0323902
885 0.0323877
886 0.032383
887 0.0323813
888 0.0323768
889 0.0323736
890 0.0323693
891 0.0323652
892 0.0323609
893 0.032357
894 0.0323535
895 0.0323502
896 0.0323474
897 0.0323433
898 0.03234
899 0.0323386
900 0.0323341
901 0.0323318
902 0.0323271
903 0.032322
904 0.0323205
905 0.0323218
906 0.0323191
907 0.0323151
908 0.0323102
909 0.0323068
910 0.0323029
911 0.0322992
912 0.0322957
913 0.0322921
914 0.0322897
915 0.0322877
916 0.0322834
917 0.0322799
918 0.0322765
919 0.0322769
920 0.0322725
921 0.0322697
922 0.0322644
923 0.0322587
924 0.0322543
925 0.0322498
926 0.0322479
927 0.0322454
928 0.0322403
929 0.0322357
930 0.0322322
931 0.0322307
932 0.0322281
933 0.0322239
934 0.0322224
935 0.0322194
936 0.032217
937 0.0322123
938 0.0322089
939 0.032203
940 0.0321975
941 0.0321943
942 0.032191
943 0.0321863
944 0.0321831
945 0.0321781
946 0.0321749
947 0.0321701
948 0.0321677
949 0.0321642
950 0.03216
951 0.0321579
952 0.0321538
953 0.0321506
954 0.0321467
955 0.0321459
956 0.0321439
957 0.0321397
958 0.0321375
959 0.0321327
960 0.0321309
961 0.0321261
962 0.032123
963 0.03212
964 0.0321158
965 0.032112
966 0.0321073
967 0.032104
968 0.0321018
969 0.0320996
970 0.0320969
971 0.0320915
972 0.0320892
973 0.032085
974 0.0320812
975 0.0320792
976 0.0320782
977 0.0320744
978 0.0320697
979 0.0320654
980 0.0320633
981 0.0320603
982 0.0320564
983 0.0320515
984 0.03205
985 0.0320484
986 0.0320438
987 0.0320409
988 0.0320375
989 0.032032
990 0.0320289
991 0.0320263
992 0.0320218
993 0.0320174
994 0.0320144
995 0.0320096
996 0.0320067
997 0.0320045
998 0.0319995
999 0.0319963
