0 0.0357143
0 0.0357161
1 0.0357218
2 0.0357281
3 0.0357317
4 0.0357287
5 0.0357322
6 0.0357381
7 0.0357355
8 0.0357375
9 0.0357392
10 0.0357421
11 0.0357455
12 0.0357469
13 0.0357506
14 0.0357565
15 0.0357508
16 0.0357594
17 0.035754
18 0.0357581
19 0.0357723
20 0.035775
21 0.0357788
22 0.0357779
23 0.0357766
24 0.0357774
25 0.0357782
26 0.0357847
27 0.0357812
28 0.0357884
29 0.0357856
30 0.0357928
31 0.0357926
32 0.0357912
33 0.0357906
34 0.0357913
35 0.0357909
36 0.0357869
37 0.0357931
38 0.0357944
39 0.0357979
40 0.0358037
41 0.0358011
42 0.0358009
43 0.0357996
44 0.0358028
45 0.0358109
46 0.0358201
47 0.0358199
48 0.0358328
49 0.0358317
50 0.0358368
51 0.0358433
52 0.0358475
53 0.0358522
54 0.0358604
55 0.03587
56 0.0358754
57 0.035876
58 0.0358809
59 0.0358786
60 0.0358754
61 0.035873
62 0.0358776
63 0.0358801
64 0.0358903
65 0.0358964
66 0.0359
67 0.0359008
68 0.0358999
69 0.0359053
70 0.0359038
71 0.0359075
72 0.0359029
73 0.0359038
74 0.0359005
75 0.0359092
76 0.0359178
77 0.0359214
78 0.0359182
79 0.0359169
80 0.0359217
81 0.0359192
82 0.0359211
83 0.035924
84 0.0359294
85 0.0359385
86 0.0359441
87 0.0359421
88 0.0359419
89 0.0359401
90 0.035943
91 0.0359493
92 0.0359566
93 0.0359577
94 0.0359685
95 0.0359651
96 0.0359764
97 0.0359833
98 0.0359869
99 0.0359946
100 0.0359974
101 0.0359961
102 0.0360004
103 0.0360018
104 0.0360019
105 0.0360082
106 0.0360158
107 0.0360235
108 0.0360367
109 0.0360402
110 0.0360433
111 0.0360466
112 0.0360435
113 0.0360491
114 0.0360509
115 0.0360509
116 0.0360507
117 0.0360532
118 0.0360577
119 0.0360562
120 0.0360565
121 0.0360562
122 0.036052
123 0.0360552
124 0.0360581
125 0.0360693
126 0.0360715
127 0.036073
128 0.0360742
129 0.0360791
130 0.0360767
131 0.036079
132 0.0360862
133 0.0360893
134 0.036093
135 0.0360954
136 0.0360924
137 0.0360878
138 0.0360978
139 0.0360978
140 0.0360992
141 0.0361035
142 0.0361049
143 0.0361087
144 0.036114
145 0.0361207
146 0.0361215
147 0.0361291
148 0.0361351
149 0.0361391
150 0.0361397
151 0.0361388
152 0.0361424
153 0.0361532
154 0.0361588
155 0.0361597
156 0.0361669
157 0.036169
158 0.0361704
159 0.0361742
160 0.0361774
161 0.0361731
162 0.036175
163 0.0361804
164 0.0361811
165 0.0361798
166 0.0361792
167 0.036176
168 0.0361818
169 0.036176
170 0.0361818
171 0.0361841
172 0.0361887
173 0.0361937
174 0.0361957
175 0.036197
176 0.0361927
177 0.0361961
178 0.0361964
179 0.0362065
180 0.036206
181 0.0362117
182 0.0362188
183 0.0362241
184 0.0362303
185 0.0362299
186 0.0362372
187 0.0362393
188 0.0362466
189 0.0362448
190 0.0362445
191 0.0362419
192 0.0362408
193 0.0362418
194 0.0362466
195 0.0362673
196 0.0362778
197 0.0362785
198 0.0362789
199 0.036288
200 0.0362853
201 0.0362901
202 0.0362988
203 0.0363063
204 0.0363073
205 0.0363058
206 0.0363086
207 0.0363157
208 0.0363177
209 0.036319
210 0.0363244
211 0.0363323
212 0.0363388
213 0.036338
214 0.0363416
215 0.036351
216 0.0363537
217 0.0363509
218 0.0363576
219 0.0363683
220 0.0363692
221 0.0363715
222 0.0363718
223 0.0363842
224 0.0363884
225 0.0363957
226 0.0363938
227 0.0363954
228 0.0364075
229 0.0364183
230 0.0364238
231 0.036425
232 0.0364293
233 0.0364262
234 0.0364286
235 0.0364322
236 0.0364338
237 0.0364373
238 0.036437
239 0.0364346
240 0.0364454
241 0.0364515
242 0.0364548
243 0.036455
244 0.036458
245 0.036459
246 0.0364636
247 0.0364689
248 0.0364651
249 0.0364758
250 0.0364785
251 0.0364828
252 0.0364872
253 0.0364962
254 0.0364957
255 0.0364956
256 0.0364934
257 0.0365004
258 0.0365064
259 0.0365063
260 0.0365079
261 0.0365062
262 0.036512
263 0.0365127
264 0.0365131
265 0.0365133
266 0.0365071
267 0.0365186
268 0.0365164
269 0.0365247
270 0.0365307
271 0.03653
272 0.0365277
273 0.0365412
274 0.0365439
275 0.036547
276 0.0365445
277 0.0365553
278 0.0365572
279 0.0365568
280 0.0365547
281 0.0365577
282 0.0365634
283 0.0365652
284 0.0365642
285 0.0365644
286 0.0365629
287 0.0365658
288 0.0365682
289 0.0365769
290 0.0365786
291 0.0365875
292 0.0365863
293 0.0365947
294 0.0365992
295 0.036602
296 0.0366026
297 0.0366008
298 0.0366037
299 0.0366044
300 0.0366092
301 0.0366107
302 0.0366167
303 0.0366164
304 0.0366199
305 0.0366287
306 0.0366314
307 0.0366331
308 0.0366354
309 0.0366402
310 0.0366451
311 0.0366425
312 0.0366511
313 0.0366487
314 0.036649
315 0.0366489
316 0.0366511
317 0.0366447
318 0.0366408
319 0.0366469
320 0.0366507
321 0.0366552
322 0.0366628
323 0.0366657
324 0.0366695
325 0.0366731
326 0.0366775
327 0.0366793
328 0.0366764
329 0.0366787
330 0.0366811
331 0.0366848
332 0.036685
333 0.0366935
334 0.0366919
335 0.0366939
336 0.0366969
337 0.0366979
338 0.0367011
339 0.0367001
340 0.0367076
341 0.0367107
342 0.0367175
343 0.0367239
344 0.0367235
345 0.0367275
346 0.0367349
347 0.0367336
348 0.0367423
349 0.0367469
350 0.0367476
351 0.0367471
352 0.0367541
353 0.0367553
354 0.036754
355 0.0367587
356 0.0367605
357 0.036769
358 0.0367731
359 0.0367764
360 0.0367781
361 0.0367771
362 0.0367802
363 0.0367829
364 0.0367869
365 0.0367849
366 0.0367903
367 0.0368006
368 0.0368039
369 0.0368065
370 0.0368079
371 0.0368132
372 0.0368136
373 0.0368225
374 0.0368185
375 0.0368197
376 0.0368207
377 0.0368268
378 0.0368256
379 0.0368329
380 0.0368392
381 0.0368494
382 0.0368592
383 0.0368617
384 0.0368847
385 0.0368897
386 0.0368902
387 0.0368958
388 0.0368922
389 0.0368893
390 0.0368928
391 0.036893
392 0.0368976
393 0.0369022
394 0.0369073
395 0.0369122
396 0.0369232
397 0.0369209
398 0.0369191
399 0.0369241
400 0.0369306
401 0.0369314
402 0.0369366
403 0.036938
404 0.0369435
405 0.036948
406 0.0369553
407 0.0369601
408 0.0369621
409 0.0369708
410 0.0369739
411 0.0369711
412 0.0369742
413 0.0369777
414 0.0369896
415 0.0369997
416 0.0370076
417 0.0370062
418 0.0370034
419 0.0370059
420 0.037006
421 0.0370085
422 0.0370077
423 0.0370132
424 0.0370184
425 0.0370284
426 0.0370347
427 0.0370307
428 0.0370296
429 0.037038
430 0.0370362
431 0.037044
432 0.0370441
433 0.0370463
434 0.037049
435 0.03705
436 0.0370481
437 0.0370499
438 0.0370527
439 0.0370565
440 0.0370605
441 0.037064
442 0.0370714
443 0.0370791
444 0.0370822
445 0.0370856
446 0.0370925
447 0.037093
448 0.0370937
449 0.0370973
450 0.037102
451 0.0370989
452 0.0370974
453 0.0371022
454 0.0371063
455 0.0371112
456 0.0371124
457 0.0371092
458 0.0371109
459 0.0371073
460 0.0371072
461 0.0371103
462 0.0371107
463 0.0371122
464 0.0371105
465 0.0371134
466 0.03712
467 0.0371187
468 0.0371252
469 0.0371249
470 0.037126
471 0.0371291
472 0.0371339
473 0.0371334
474 0.0371355
475 0.0371369
476 0.0371391
477 0.0371598
478 0.0371602
479 0.0371553
480 0.037163
481 0.0371602
482 0.0371585
483 0.037161
484 0.0371647
485 0.0371718
486 0.0371761
487 0.0371726
488 0.037173
489 0.0371718
490 0.0371702
491 0.0371748
492 0.0371745
493 0.0371741
494 0.0371907
495 0.0371938
496 0.0371967
497 0.0371984
498 0.0372035
499 0.0372153
500 0.0372221
501 0.0372248
502 0.037236
503 0.0372323
504 0.0372294
505 0.0372375
506 0.0372359
507 0.0372349
508 0.0372448
509 0.0372436
510 0.0372432
511 0.037247
512 0.0372505
513 0.0372525
514 0.0372564
515 0.0372599
516 0.0372663
517 0.0372697
518 0.0372807
519 0.0372866
520 0.0372901
521 0.0372956
522 0.0372987
523 0.0373045
524 0.0373116
525 0.0373153
526 0.0373159
527 0.0373191
528 0.0373217
529 0.0373256
530 0.0373254
531 0.0373443
532 0.0373542
533 0.0373547
534 0.037354
535 0.0373546
536 0.0373598
537 0.0373624
538 0.0373641
539 0.0373722
540 0.0373828
541 0.0373857
542 0.037393
543 0.0373962
544 0.0373944
545 0.0373901
546 0.0373956
547 0.0373949
548 0.0374026
549 0.0374061
550 0.0374118
551 0.0374173
552 0.0374137
553 0.0374153
554 0.037416
555 0.0374231
556 0.0374235
557 0.0374281
558 0.0374312
559 0.0374323
560 0.0374299
561 0.0374373
562 0.0374394
563 0.0374413
564 0.0374409
565 0.0374483
566 0.0374587
567 0.037453
568 0.0374568
569 0.0374692
570 0.037478
571 0.0374851
572 0.0374904
573 0.0374869
574 0.0374834
575 0.0374955
576 0.0374953
577 0.037494
578 0.0374927
579 0.0374893
580 0.037491
581 0.0374913
582 0.0374897
583 0.0374945
584 0.0374994
585 0.037504
586 0.0375023
587 0.0375119
588 0.0375081
589 0.0375163
590 0.0375185
591 0.0375231
592 0.0375208
593 0.0375224
594 0.0375297
595 0.0375288
596 0.0375314
597 0.0375289
598 0.0375304
599 0.037527
600 0.0375253
601 0.0375244
602 0.0375262
603 0.0375219
604 0.0375276
605 0.0375312
606 0.0375391
607 0.0375411
608 0.037539
609 0.0375401
610 0.0375391
611 0.0375442
612 0.0375385
613 0.0375426
614 0.0375435
615 0.0375487
616 0.0375502
617 0.0375489
618 0.037552
619 0.0375533
620 0.0375636
621 0.0375644
622 0.0375626
623 0.037563
624 0.0375602
625 0.0375626
626 0.0375611
627 0.0375608
628 0.037559
629 0.0375618
630 0.0375584
631 0.0375578
632 0.0375597
633 0.0375723
634 0.0375813
635 0.0375808
636 0.0375836
637 0.0375887
638 0.0375906
639 0.0376024
640 0.0376058
641 0.03761
642 0.0376106
643 0.0376165
644 0.0376209
645 0.0376251
646 0.0376285
647 0.0376261
648 0.0376213
649 0.0376283
650 0.0376244
651 0.0376298
652 0.0376267
653 0.0376259
654 0.037632
655 0.0376306
656 0.0376365
657 0.0376355
658 0.0376352
659 0.0376405
660 0.037651
661 0.0376539
662 0.0376619
663 0.0376705
664 0.037675
665 0.0376739
666 0.0376781
667 0.0376783
668 0.0376725
669 0.0376713
670 0.0376782
671 0.0376795
672 0.0376808
673 0.0376821
674 0.0376828
675 0.0376847
676 0.0376827
677 0.037688
678 0.0376915
679 0.0376972
680 0.0376995
681 0.0377027
682 0.0377095
683 0.0377144
684 0.0377135
685 0.0377187
686 0.0377178
687 0.0377183
688 0.0377223
689 0.0377228
690 0.0377189
691 0.0377206
692 0.0377191
693 0.0377269
694 0.0377237
695 0.0377306
696 0.0377279
697 0.0377312
698 0.0377286
699 0.0377378
700 0.0377356
701 0.0377333
702 0.0377305
703 0.0377297
704 0.0377374
705 0.0377396
706 0.037742
707 0.0377478
708 0.0377522
709 0.0377521
710 0.0377488
711 0.0377531
712 0.0377522
713 0.0377581
714 0.0377609
715 0.0377663
716 0.0377701
717 0.0377687
718 0.0377714
719 0.0377715
720 0.0377773
721 0.0377783
722 0.0377785
723 0.0377859
724 0.0377866
725 0.0377887
726 0.037792
727 0.0377989
728 0.037796
729 0.0377988
730 0.0378019
731 0.0378016
732 0.0378031
733 0.0378105
734 0.0378108
735 0.0378163
736 0.0378203
737 0.0378254
738 0.0378281
739 0.037829
740 0.0378316
741 0.0378386
742 0.0378439
743 0.037841
744 0.0378387
745 0.0378402
746 0.0378359
747 0.0378313
748 0.0378352
749 0.0378359
750 0.0378398
751 0.0378453
752 0.0378451
753 0.0378429
754 0.0378466
755 0.0378464
756 0.0378546
757 0.0378572
758 0.0378582
759 0.0378652
760 0.0378614
761 0.0378627
762 0.0378666
763 0.037866
764 0.0378645
765 0.0378645
766 0.0378689
767 0.0378771
768 0.0378822
769 0.0378842
770 0.0378863
771 0.0378895
772 0.0378925
773 0.0379035
774 0.0379053
775 0.0379054
776 0.037903
777 0.0379047
778 0.0379116
779 0.0379206
780 0.0379179
781 0.0379162
782 0.0379166
783 0.0379228
784 0.0379265
785 0.0379297
786 0.0379313
787 0.0379327
788 0.0379356
789 0.037942
790 0.0379504
791 0.0379545
792 0.0379541
793 0.0379621
794 0.0379608
795 0.0379571
796 0.0379611
797 0.0379628
798 0.0379693
799 0.0379669
800 0.0379729
801 0.0379719
802 0.0379702
803 0.0379712
804 0.03797
805 0.0379715
806 0.0379707
807 0.0379826
808 0.0379807
809 0.0379801
810 0.0379836
811 0.0379895
812 0.0379939
813 0.0379902
814 0.0379869
815 0.0379848
816 0.0379812
817 0.037982
818 0.0379868
819 0.0379862
820 0.0379872
821 0.0379912
822 0.0379899
823 0.0379979
824 0.0380002
825 0.0380094
826 0.0380136
827 0.038015
828 0.0380183
829 0.0380154
830 0.0380164
831 0.0380162
832 0.0380192
833 0.038023
834 0.0380192
835 0.0380255
836 0.038023
837 0.0380241
838 0.0380274
839 0.0380341
840 0.0380365
841 0.0380453
842 0.0380475
843 0.0380482
844 0.0380495
845 0.0380465
846 0.0380528
847 0.0380595
848 0.0380634
849 0.0380671
850 0.0380691
851 0.0380684
852 0.0380717
853 0.0380729
854 0.0380696
855 0.0380749
856 0.0380807
857 0.0380819
858 0.0380858
859 0.0380828
860 0.0380874
861 0.0380891
862 0.0380887
863 0.0380948
864 0.0380977
865 0.0381009
866 0.0381068
867 0.0381055
868 0.0381078
869 0.0381144
870 0.0381176
871 0.0381184
872 0.0381227
873 0.0381238
874 0.0381211
875 0.0381245
876 0.0381265
877 0.0381289
878 0.0381319
879 0.0381367
880 0.0381332
881 0.0381338
882 0.0381333
883 0.0381319
884 0.0381368
885 0.0381415
886 0.0381414
887 0.038146
888 0.0381517
889 0.0381555
890 0.0381563
891 0.0381577
892 0.0381664
893 0.0381695
894 0.0381699
895 0.0381728
896 0.0381717
897 0.0381729
898 0.0381754
899 0.0381783
900 0.0381806
901 0.0381868
902 0.0381863
903 0.0381887
904 0.0381891
905 0.0381865
906 0.0381945
907 0.0381933
908 0.0382025
909 0.0382081
910 0.0382145
911 0.0382158
912 0.0382157
913 0.0382241
914 0.0382216
915 0.038226
916 0.0382282
917 0.0382326
918 0.038234
919 0.0382524
920 0.0382551
921 0.0382706
922 0.0382702
923 0.0382718
924 0.0382743
925 0.0382782
926 0.0382781
927 0.0382782
928 0.0382818
929 0.0382835
930 0.038285
931 0.0382811
932 0.0382821
933 0.0382814
934 0.0382788
935 0.0382822
936 0.0382827
937 0.0382815
938 0.0382845
939 0.0382855
940 0.0382856
941 0.0382836
942 0.0382854
943 0.0382873
944 0.0382873
945 0.0382873
946 0.0382873
947 0.0382885
948 0.038288
949 0.0382845
950 0.0382909
951 0.03829
952 0.0382898
953 0.0382924
954 0.0382973
955 0.0383143
956 0.0383163
957 0.0383148
958 0.0383191
959 0.0383257
960 0.0383238
961 0.0383236
962 0.0383313
963 0.0383337
964 0.0383397
965 0.0383393
966 0.0383437
967 0.0383553
968 0.0383576
969 0.0383583
970 0.0383625
971 0.0383634
972 0.0383659
973 0.0383672
974 0.0383724
975 0.0383758
976 0.0383725
977 0.0383743
978 0.0383785
979 0.0383801
980 0.038382
981 0.0383846
982 0.0383919
983 0.0383902
984 0.0383897
985 0.0383949
986 0.0383997
987 0.0384019
988 0.0383993
989 0.0383957
990 0.0384075
991 0.0384062
992 0.0384155
993 0.0384216
994 0.0384238
995 0.0384222
996 0.0384306
997 0.0384303
998 0.0384379
999 0.0384379
