0 0.0357143
0 0.0357084
1 0.0357023
2 0.0356959
3 0.0356894
4 0.0356828
5 0.0356765
6 0.0356701
7 0.0356637
8 0.035657
9 0.0356504
10 0.0356443
11 0.0356379
12 0.0356322
13 0.035626
14 0.0356196
15 0.0356132
16 0.0356066
17 0.0355999
18 0.0355939
19 0.0355882
20 0.0355818
21 0.0355754
22 0.0355691
23 0.0355626
24 0.0355561
25 0.0355498
26 0.0355435
27 0.0355372
28 0.035531
29 0.0355248
30 0.0355187
31 0.0355126
32 0.0355065
33 0.0355005
34 0.0354942
35 0.0354876
36 0.035481
37 0.0354746
38 0.0354685
39 0.0354626
40 0.0354568
41 0.0354506
42 0.0354447
43 0.035438
44 0.0354317
45 0.0354258
46 0.0354195
47 0.0354131
48 0.0354067
49 0.035401
50 0.0353946
51 0.0353881
52 0.0353818
53 0.0353758
54 0.0353694
55 0.0353634
56 0.0353571
57 0.0353507
58 0.0353443
59 0.0353386
60 0.0353322
61 0.0353261
62 0.0353197
63 0.0353137
64 0.0353074
65 0.0353011
66 0.0352946
67 0.035288
68 0.0352817
69 0.0352754
70 0.0352698
71 0.0352634
72 0.0352571
73 0.0352506
74 0.0352443
75 0.0352385
76 0.0352327
77 0.0352266
78 0.0352206
79 0.0352143
80 0.0352083
81 0.0352021
82 0.0351957
83 0.0351896
84 0.0351834
85 0.0351771
86 0.0351707
87 0.0351647
88 0.0351583
89 0.0351522
90 0.0351463
91 0.0351403
92 0.0351341
93 0.0351278
94 0.0351216
95 0.0351153
96 0.0351088
97 0.0351024
98 0.035096
99 0.0350899
100 0.0350835
101 0.0350773
102 0.0350709
103 0.0350646
104 0.0350585
105 0.0350521
106 0.0350459
107 0.0350397
108 0.0350335
109 0.0350271
110 0.0350207
111 0.0350147
112 0.0350084
113 0.0350024
114 0.0349964
115 0.0349899
116 0.0349835
117 0.034977
118 0.0349706
119 0.0349643
120 0.0349585
121 0.0349521
122 0.0349461
123 0.0349398
124 0.0349334
125 0.0349272
126 0.0349212
127 0.0349148
128 0.0349089
129 0.0349029
130 0.034897
131 0.0348909
132 0.0348846
133 0.0348784
134 0.0348721
135 0.0348657
136 0.0348598
137 0.034854
138 0.0348478
139 0.0348416
140 0.0348353
141 0.0348292
142 0.0348232
143 0.034817
144 0.0348106
145 0.0348041
146 0.034798
147 0.0347919
148 0.0347861
149 0.0347803
150 0.0347741
151 0.0347679
152 0.0347625
153 0.0347563
154 0.0347499
155 0.0347443
156 0.0347382
157 0.0347322
158 0.0347257
159 0.0347195
160 0.0347133
161 0.0347069
162 0.0347009
163 0.0346945
164 0.0346883
165 0.0346819
166 0.0346758
167 0.0346698
168 0.034664
169 0.0346582
170 0.034652
171 0.0346456
172 0.0346392
173 0.0346334
174 0.0346271
175 0.0346208
176 0.0346145
177 0.0346081
178 0.0346016
179 0.0345955
180 0.0345898
181 0.0345835
182 0.0345777
183 0.0345716
184 0.0345654
185 0.034559
186 0.0345528
187 0.0345465
188 0.0345404
189 0.0345339
190 0.0345276
191 0.0345214
192 0.0345151
193 0.0345088
194 0.0345031
195 0.0344971
196 0.0344909
197 0.0344844
198 0.0344781
199 0.0344718
200 0.0344659
201 0.0344601
202 0.0344542
203 0.0344481
204 0.0344423
205 0.0344362
206 0.03443
207 0.0344242
208 0.034418
209 0.034412
210 0.0344055
211 0.0343994
212 0.034393
213 0.0343871
214 0.0343808
215 0.0343748
216 0.0343686
217 0.034363
218 0.0343567
219 0.0343504
220 0.0343443
221 0.0343383
222 0.034332
223 0.0343266
224 0.0343203
225 0.0343139
226 0.0343078
227 0.0343019
228 0.0342958
229 0.0342896
230 0.0342832
231 0.0342767
232 0.0342706
233 0.0342645
234 0.0342584
235 0.0342521
236 0.0342463
237 0.0342401
238 0.0342337
239 0.0342275
240 0.0342215
241 0.0342152
242 0.034209
243 0.0342028
244 0.0341966
245 0.0341904
246 0.0341841
247 0.0341778
248 0.0341714
249 0.0341655
250 0.0341594
251 0.034153
252 0.0341466
253 0.0341406
254 0.034135
255 0.0341289
256 0.0341227
257 0.0341166
258 0.0341106
259 0.0341044
260 0.0340986
261 0.0340928
262 0.0340871
263 0.0340813
264 0.0340753
265 0.0340691
266 0.0340633
267 0.0340576
268 0.0340512
269 0.0340453
270 0.0340391
271 0.0340331
272 0.0340274
273 0.0340213
274 0.0340153
275 0.0340092
276 0.0340031
277 0.0339975
278 0.0339912
279 0.0339849
280 0.0339789
281 0.0339732
282 0.0339669
283 0.033961
284 0.0339548
285 0.0339489
286 0.0339432
287 0.0339368
288 0.033931
289 0.0339248
290 0.0339187
291 0.0339124
292 0.0339065
293 0.0339008
294 0.0338951
295 0.033889
296 0.0338829
297 0.0338769
298 0.0338712
299 0.0338652
300 0.0338595
301 0.0338533
302 0.0338471
303 0.033841
304 0.0338351
305 0.0338289
306 0.0338227
307 0.0338169
308 0.0338106
309 0.0338048
310 0.0337988
311 0.0337924
312 0.0337863
313 0.0337803
314 0.033774
315 0.0337681
316 0.033762
317 0.0337565
318 0.0337505
319 0.0337447
320 0.0337387
321 0.033733
322 0.0337268
323 0.0337208
324 0.0337148
325 0.0337091
326 0.0337034
327 0.0336977
328 0.0336912
329 0.033685
330 0.0336792
331 0.0336728
332 0.0336669
333 0.0336611
334 0.033655
335 0.0336491
336 0.0336429
337 0.0336372
338 0.0336311
339 0.033625
340 0.0336193
341 0.0336132
342 0.0336074
343 0.0336011
344 0.0335953
345 0.0335898
346 0.0335837
347 0.0335776
348 0.0335715
349 0.0335658
350 0.0335598
351 0.0335534
352 0.0335473
353 0.0335412
354 0.0335349
355 0.0335293
356 0.0335235
357 0.0335177
358 0.0335116
359 0.0335054
360 0.0334995
361 0.0334937
362 0.0334875
363 0.0334816
364 0.0334756
365 0.0334696
366 0.0334637
367 0.0334578
368 0.0334521
369 0.0334459
370 0.0334396
371 0.0334336
372 0.0334276
373 0.0334217
374 0.0334155
375 0.0334092
376 0.0334033
377 0.0333975
378 0.0333914
379 0.0333853
380 0.0333798
381 0.0333741
382 0.033368
383 0.0333618
384 0.0333562
385 0.0333503
386 0.0333441
387 0.0333378
388 0.0333317
389 0.0333263
390 0.0333203
391 0.0333141
392 0.0333083
393 0.0333021
394 0.0332959
395 0.0332898
396 0.0332842
397 0.0332781
398 0.0332735
399 0.0332674
400 0.0332614
401 0.0332552
402 0.0332493
403 0.0332436
404 0.0332378
405 0.033232
406 0.0332261
407 0.0332201
408 0.0332139
409 0.0332085
410 0.0332025
411 0.0331969
412 0.0331912
413 0.0331857
414 0.0331799
415 0.0331745
416 0.0331688
417 0.0331626
418 0.0331569
419 0.0331509
420 0.0331448
421 0.0331387
422 0.0331328
423 0.0331269
424 0.0331211
425 0.0331152
426 0.0331089
427 0.033103
428 0.0330969
429 0.0330909
430 0.0330849
431 0.0330787
432 0.0330726
433 0.0330666
434 0.0330608
435 0.0330551
436 0.0330493
437 0.0330432
438 0.0330375
439 0.0330316
440 0.0330257
441 0.0330198
442 0.0330141
443 0.033008
444 0.0330021
445 0.0329965
446 0.0329906
447 0.0329849
448 0.0329789
449 0.0329728
450 0.0329666
451 0.0329608
452 0.0329549
453 0.032949
454 0.0329428
455 0.0329367
456 0.0329307
457 0.0329246
458 0.0329193
459 0.0329139
460 0.0329077
461 0.0329017
462 0.0328956
463 0.0328895
464 0.0328834
465 0.0328776
466 0.0328717
467 0.0328659
468 0.0328598
469 0.0328541
470 0.0328482
471 0.0328424
472 0.0328366
473 0.0328305
474 0.0328249
475 0.032819
476 0.0328138
477 0.0328078
478 0.0328018
479 0.0327959
480 0.0327898
481 0.032784
482 0.0327786
483 0.0327728
484 0.0327672
485 0.0327612
486 0.0327556
487 0.03275
488 0.0327439
489 0.0327379
490 0.0327323
491 0.0327264
492 0.032721
493 0.0327149
494 0.0327089
495 0.0327029
496 0.0326968
497 0.0326907
498 0.0326848
499 0.0326789
500 0.0326734
501 0.0326674
502 0.0326614
503 0.0326555
504 0.0326499
505 0.0326438
506 0.032638
507 0.0326325
508 0.0326266
509 0.0326208
510 0.0326154
511 0.0326094
512 0.0326035
513 0.0325975
514 0.032592
515 0.0325862
516 0.0325802
517 0.032574
518 0.0325682
519 0.0325623
520 0.0325564
521 0.0325506
522 0.0325446
523 0.0325384
524 0.0325324
525 0.0325268
526 0.0325211
527 0.0325153
528 0.0325094
529 0.0325035
530 0.0324981
531 0.0324921
532 0.0324866
533 0.0324806
534 0.0324748
535 0.0324691
536 0.0324632
537 0.0324577
538 0.0324522
539 0.0324462
540 0.0324403
541 0.0324343
542 0.0324283
543 0.0324222
544 0.0324164
545 0.0324107
546 0.0324051
547 0.0323995
548 0.0323936
549 0.0323877
550 0.032382
551 0.0323763
552 0.0323703
553 0.0323648
554 0.032359
555 0.0323531
556 0.0323474
557 0.0323414
558 0.032336
559 0.0323305
560 0.0323245
561 0.0323185
562 0.0323133
563 0.0323075
564 0.0323018
565 0.032296
566 0.0322901
567 0.0322845
568 0.0322785
569 0.0322729
570 0.0322672
571 0.0322613
572 0.0322555
573 0.0322501
574 0.0322445
575 0.0322387
576 0.0322328
577 0.0322272
578 0.0322215
579 0.0322157
580 0.0322103
581 0.0322046
582 0.0321989
583 0.0321935
584 0.0321879
585 0.032182
586 0.0321761
587 0.0321703
588 0.0321646
589 0.0321587
590 0.0321527
591 0.032147
592 0.0321414
593 0.0321355
594 0.0321295
595 0.0321237
596 0.032118
597 0.0321124
598 0.0321065
599 0.0321006
600 0.0320949
601 0.0320895
602 0.0320837
603 0.0320779
604 0.0320722
605 0.0320667
606 0.0320612
607 0.0320554
608 0.0320498
609 0.0320442
610 0.0320383
611 0.0320324
612 0.0320264
613 0.0320206
614 0.0320153
615 0.0320092
616 0.0320035
617 0.0319982
618 0.0319924
619 0.0319863
620 0.0319804
621 0.0319746
622 0.0319687
623 0.0319631
624 0.0319572
625 0.0319513
626 0.0319454
627 0.0319402
628 0.0319344
629 0.0319287
630 0.031923
631 0.031917
632 0.0319113
633 0.0319055
634 0.0318998
635 0.0318941
636 0.0318882
637 0.0318823
638 0.0318768
639 0.0318713
640 0.0318656
641 0.0318599
642 0.0318543
643 0.0318485
644 0.0318431
645 0.0318373
646 0.0318316
647 0.0318261
648 0.0318203
649 0.0318146
650 0.0318087
651 0.0318027
652 0.0317971
653 0.0317917
654 0.0317861
655 0.0317806
656 0.0317749
657 0.0317694
658 0.0317634
659 0.0317575
660 0.0317518
661 0.0317465
662 0.0317412
663 0.0317353
664 0.0317295
665 0.0317239
666 0.0317185
667 0.0317125
668 0.0317066
669 0.0317008
670 0.031695
671 0.0316891
672 0.0316833
673 0.0316778
674 0.0316719
675 0.0316661
676 0.0316605
677 0.0316554
678 0.0316497
679 0.0316443
680 0.0316383
681 0.0316328
682 0.0316271
683 0.0316215
684 0.0316157
685 0.03161
686 0.0316042
687 0.0315987
688 0.0315929
689 0.031587
690 0.0315813
691 0.0315754
692 0.0315697
693 0.031564
694 0.0315583
695 0.0315524
696 0.0315467
697 0.0315409
698 0.0315352
699 0.0315294
700 0.0315236
701 0.0315187
702 0.0315129
703 0.0315073
704 0.0315017
705 0.031496
706 0.0314907
707 0.0314851
708 0.0314795
709 0.0314741
710 0.0314687
711 0.0314631
712 0.0314573
713 0.0314516
714 0.031446
715 0.0314403
716 0.0314347
717 0.0314291
718 0.0314235
719 0.0314177
720 0.0314122
721 0.0314064
722 0.0314006
723 0.031395
724 0.0313891
725 0.0313834
726 0.0313776
727 0.0313727
728 0.031367
729 0.0313621
730 0.0313562
731 0.0313503
732 0.0313446
733 0.0313391
734 0.0313334
735 0.0313279
736 0.0313221
737 0.0313166
738 0.0313111
739 0.0313054
740 0.0312996
741 0.0312938
742 0.0312886
743 0.0312831
744 0.0312773
745 0.0312715
746 0.0312656
747 0.0312599
748 0.0312541
749 0.0312484
750 0.0312428
751 0.0312373
752 0.0312318
753 0.031226
754 0.0312206
755 0.031215
756 0.0312092
757 0.0312037
758 0.031198
759 0.0311921
760 0.0311862
761 0.0311804
762 0.0311748
763 0.0311692
764 0.0311635
765 0.0311579
766 0.0311522
767 0.0311466
768 0.0311409
769 0.0311352
770 0.0311297
771 0.0311241
772 0.0311184
773 0.0311126
774 0.0311071
775 0.0311019
776 0.0310964
777 0.0310906
778 0.0310848
779 0.0310791
780 0.0310734
781 0.0310677
782 0.0310624
783 0.031057
784 0.0310515
785 0.0310458
786 0.0310404
787 0.0310345
788 0.0310291
789 0.0310236
790 0.0310184
791 0.0310129
792 0.0310072
793 0.0310014
794 0.0309959
795 0.0309904
796 0.030985
797 0.0309794
798 0.030974
799 0.0309688
800 0.0309635
801 0.0309577
802 0.030952
803 0.0309468
804 0.030941
805 0.0309356
806 0.03093
807 0.0309242
808 0.0309184
809 0.0309129
810 0.0309073
811 0.0309021
812 0.0308965
813 0.030891
814 0.0308855
815 0.03088
816 0.0308746
817 0.030869
818 0.0308633
819 0.0308577
820 0.0308524
821 0.0308469
822 0.0308412
823 0.0308357
824 0.0308302
825 0.0308245
826 0.030819
827 0.0308133
828 0.030808
829 0.0308028
830 0.0307971
831 0.0307918
832 0.0307864
833 0.0307811
834 0.0307753
835 0.0307704
836 0.0307649
837 0.0307592
838 0.0307535
839 0.0307478
840 0.030742
841 0.0307363
842 0.0307307
843 0.030725
844 0.0307196
845 0.0307137
846 0.0307081
847 0.0307025
848 0.0306967
849 0.0306911
850 0.0306855
851 0.0306801
852 0.0306747
853 0.0306691
854 0.0306638
855 0.0306584
856 0.030653
857 0.0306475
858 0.030642
859 0.0306362
860 0.0306307
861 0.0306255
862 0.0306202
863 0.0306147
864 0.0306092
865 0.0306034
866 0.0305978
867 0.0305933
868 0.0305882
869 0.0305826
870 0.030577
871 0.0305713
872 0.0305662
873 0.0305606
874 0.0305551
875 0.0305495
876 0.0305439
877 0.0305384
878 0.0305328
879 0.0305275
880 0.0305226
881 0.0305173
882 0.0305119
883 0.0305069
884 0.0305015
885 0.030496
886 0.0304906
887 0.0304852
888 0.0304796
889 0.0304745
890 0.0304689
891 0.0304635
892 0.0304578
893 0.0304522
894 0.0304466
895 0.0304412
896 0.0304359
897 0.0304303
898 0.0304249
899 0.0304196
900 0.0304139
901 0.0304086
902 0.0304031
903 0.0303977
904 0.0303923
905 0.0303875
906 0.0303821
907 0.0303765
908 0.030371
909 0.0303654
910 0.0303597
911 0.030354
912 0.0303484
913 0.030343
914 0.0303379
915 0.0303324
916 0.0303271
917 0.0303217
918 0.0303162
919 0.0303107
920 0.0303051
921 0.0302998
922 0.0302942
923 0.0302885
924 0.0302829
925 0.0302775
926 0.0302721
927 0.0302668
928 0.030261
929 0.0302555
930 0.0302501
931 0.0302449
932 0.0302396
933 0.030234
934 0.0302285
935 0.0302231
936 0.0302176
937 0.0302123
938 0.0302068
939 0.0302013
940 0.0301957
941 0.0301905
942 0.030185
943 0.0301795
944 0.0301741
945 0.0301689
946 0.0301634
947 0.030158
948 0.0301525
949 0.030147
950 0.0301414
951 0.0301362
952 0.0301306
953 0.0301252
954 0.0301196
955 0.0301145
956 0.0301088
957 0.0301034
958 0.0300979
959 0.0300924
960 0.0300869
961 0.0300813
962 0.0300759
963 0.0300704
964 0.0300648
965 0.0300592
966 0.0300536
967 0.0300484
968 0.0300431
969 0.0300376
970 0.0300323
971 0.0300268
972 0.0300212
973 0.0300156
974 0.0300106
975 0.030005
976 0.0299996
977 0.0299946
978 0.029989
979 0.0299837
980 0.0299782
981 0.0299728
982 0.0299675
983 0.0299619
984 0.0299566
985 0.0299514
986 0.0299458
987 0.0299407
988 0.0299353
989 0.0299301
990 0.0299247
991 0.0299192
992 0.029914
993 0.0299085
994 0.0299032
995 0.0298977
996 0.0298922
997 0.0298871
998 0.0298815
999 0.0298763
