0 0.0357143
0 0.0357249
1 0.0357329
2 0.0357443
3 0.0357546
4 0.0357628
5 0.0357643
6 0.0357756
7 0.0357804
8 0.0357953
9 0.0358067
10 0.0358217
11 0.0358233
12 0.0358288
13 0.0358413
14 0.0358563
15 0.0358636
16 0.035865
17 0.0358648
18 0.0358731
19 0.0358794
20 0.0358885
21 0.0358857
22 0.0358926
23 0.035899
24 0.0359065
25 0.0359168
26 0.0359259
27 0.0359432
28 0.0359558
29 0.0359554
30 0.0359583
31 0.0359622
32 0.0359686
33 0.035971
34 0.0359787
35 0.0359871
36 0.0359945
37 0.0360068
38 0.0360212
39 0.0360246
40 0.0360248
41 0.0360332
42 0.0360406
43 0.0360486
44 0.0360491
45 0.0360597
46 0.0360666
47 0.0360738
48 0.0360756
49 0.0360853
50 0.0360991
51 0.0361042
52 0.0361201
53 0.0361309
54 0.036131
55 0.0361318
56 0.0361336
57 0.036139
58 0.0361455
59 0.0361448
60 0.0361534
61 0.0361577
62 0.0361663
63 0.0361661
64 0.0361726
65 0.0361801
66 0.0361868
67 0.0361924
68 0.0362033
69 0.0362041
70 0.0362115
71 0.0362283
72 0.0362357
73 0.036256
74 0.0362631
75 0.0362761
76 0.036283
77 0.0362867
78 0.0362932
79 0.0363059
80 0.0363044
81 0.0363208
82 0.0363332
83 0.0363512
84 0.0363565
85 0.0363629
86 0.0363742
87 0.0363764
88 0.0363883
89 0.0363967
90 0.0364063
91 0.0364093
92 0.036405
93 0.0364186
94 0.0364331
95 0.0364531
96 0.0364742
97 0.0364759
98 0.0364881
99 0.0364995
100 0.036514
101 0.0365141
102 0.0365304
103 0.0365408
104 0.0365568
105 0.0365673
106 0.03658
107 0.0365829
108 0.0365963
109 0.0366102
110 0.0366242
111 0.0366398
112 0.0366597
113 0.0366661
114 0.0366727
115 0.0366835
116 0.0366817
117 0.0366892
118 0.0366914
119 0.0366981
120 0.0366994
121 0.0367118
122 0.036726
123 0.0367355
124 0.0367383
125 0.0367463
126 0.0367517
127 0.0367606
128 0.0367676
129 0.0367798
130 0.036793
131 0.0368007
132 0.0368089
133 0.0368264
134 0.0368336
135 0.0368539
136 0.0368584
137 0.0368706
138 0.0368875
139 0.0369021
140 0.036904
141 0.0369174
142 0.0369232
143 0.036942
144 0.0369461
145 0.0369438
146 0.0369467
147 0.0369498
148 0.0369659
149 0.0369747
150 0.0369773
151 0.0369902
152 0.0369954
153 0.0369995
154 0.0370033
155 0.0370079
156 0.0370086
157 0.0370191
158 0.0370305
159 0.0370375
160 0.0370455
161 0.037062
162 0.0370643
163 0.037063
164 0.0370801
165 0.0370878
166 0.0371068
167 0.0371199
168 0.0371232
169 0.0371457
170 0.0371555
171 0.0371583
172 0.0371708
173 0.03718
174 0.0371839
175 0.0371945
176 0.0371965
177 0.0372146
178 0.0372216
179 0.0372285
180 0.0372268
181 0.037246
182 0.0372555
183 0.0372626
184 0.0372753
185 0.0372831
186 0.0372998
187 0.0373099
188 0.0373182
189 0.0373403
190 0.037351
191 0.037359
192 0.037363
193 0.0373688
194 0.0373741
195 0.0373927
196 0.0374007
197 0.0374039
198 0.0374176
199 0.0374356
200 0.0374418
201 0.0374559
202 0.0374658
203 0.0374665
204 0.0374694
205 0.0374814
206 0.0374869
207 0.0374911
208 0.0375057
209 0.0375182
210 0.0375208
211 0.0375246
212 0.0375373
213 0.0375426
214 0.0375544
215 0.037569
216 0.0375832
217 0.0375954
218 0.0376074
219 0.0376142
220 0.0376248
221 0.0376261
222 0.0376462
223 0.0376593
224 0.0376705
225 0.0376753
226 0.0376837
227 0.0376968
228 0.037711
229 0.0377177
230 0.0377234
231 0.0377298
232 0.0377327
233 0.0377417
234 0.0377511
235 0.0377606
236 0.0377589
237 0.0377634
238 0.0377707
239 0.0377896
240 0.0378039
241 0.0378122
242 0.0378274
243 0.0378394
244 0.037849
245 0.0378595
246 0.0378754
247 0.0378839
248 0.0378861
249 0.0378899
250 0.0378969
251 0.0378999
252 0.0379122
253 0.0379226
254 0.0379347
255 0.0379408
256 0.0379497
257 0.0379556
258 0.0379702
259 0.0379923
260 0.0380038
261 0.0380195
262 0.0380196
263 0.0380303
264 0.0380351
265 0.0380418
266 0.0380484
267 0.0380471
268 0.0380627
269 0.038085
270 0.0380864
271 0.0380966
272 0.0381015
273 0.0381046
274 0.038117
275 0.0381213
276 0.0381303
277 0.0381365
278 0.0381493
279 0.0381561
280 0.0381589
281 0.038161
282 0.0381709
283 0.038169
284 0.0381829
285 0.0381879
286 0.0382009
287 0.0382081
288 0.0382175
289 0.0382186
290 0.0382263
291 0.0382336
292 0.0382419
293 0.0382403
294 0.038257
295 0.0382668
296 0.0382749
297 0.0382919
298 0.038301
299 0.038305
300 0.0383224
301 0.0383244
302 0.0383247
303 0.0383518
304 0.038353
305 0.0383532
306 0.0383507
307 0.0383671
308 0.0383806
309 0.0383893
310 0.0383908
311 0.0384025
312 0.038412
313 0.0384149
314 0.0384241
315 0.0384258
316 0.0384395
317 0.0384445
318 0.038457
319 0.0384735
320 0.0384874
321 0.0385009
322 0.038508
323 0.0385159
324 0.0385209
325 0.0385246
326 0.0385402
327 0.0385486
328 0.0385584
329 0.0385612
330 0.038567
331 0.0385812
332 0.0385882
333 0.0385876
334 0.0385909
335 0.0386035
336 0.0386149
337 0.0386266
338 0.0386273
339 0.0386332
340 0.0386379
341 0.0386511
342 0.0386534
343 0.0386652
344 0.0386768
345 0.0386838
346 0.0386858
347 0.0386908
348 0.0387019
349 0.0387086
350 0.038719
351 0.0387221
352 0.0387285
353 0.0387275
354 0.0387381
355 0.0387338
356 0.038743
357 0.0387462
358 0.0387488
359 0.0387541
360 0.0387629
361 0.0387696
362 0.038777
363 0.0387807
364 0.0387872
365 0.0387856
366 0.0387924
367 0.0387945
368 0.0388002
369 0.0388106
370 0.0388148
371 0.0388203
372 0.0388248
373 0.0388283
374 0.0388322
375 0.0388388
376 0.0388497
377 0.0388465
378 0.0388535
379 0.0388635
380 0.0388699
381 0.0388854
382 0.0388999
383 0.038908
384 0.0389036
385 0.0388991
386 0.0389078
387 0.0389235
388 0.0389373
389 0.0389411
390 0.0389436
391 0.038955
392 0.0389633
393 0.0389649
394 0.0389731
395 0.0389777
396 0.0389813
397 0.0389887
398 0.0389867
399 0.0389964
400 0.0390107
401 0.0390247
402 0.0390263
403 0.0390361
404 0.0390432
405 0.0390415
406 0.0390448
407 0.0390525
408 0.0390615
409 0.0390601
410 0.0390753
411 0.0390871
412 0.0391052
413 0.039115
414 0.039128
415 0.0391349
416 0.039147
417 0.0391577
418 0.0391697
419 0.0391937
420 0.0392068
421 0.0392149
422 0.0392231
423 0.0392421
424 0.0392408
425 0.0392475
426 0.0392549
427 0.0392745
428 0.039292
429 0.0393001
430 0.0393024
431 0.0392993
432 0.0393141
433 0.0393259
434 0.039329
435 0.0393395
436 0.0393491
437 0.0393654
438 0.0393669
439 0.0393797
440 0.0393884
441 0.0393984
442 0.0394141
443 0.039421
444 0.0394265
445 0.0394317
446 0.0394395
447 0.039447
448 0.0394616
449 0.0394663
450 0.0394752
451 0.0394835
452 0.039498
453 0.0395109
454 0.0395268
455 0.0395317
456 0.0395418
457 0.0395417
458 0.0395484
459 0.0395547
460 0.0395608
461 0.0395689
462 0.0395837
463 0.0395952
464 0.0396143
465 0.0396186
466 0.0396249
467 0.0396339
468 0.0396411
469 0.0396465
470 0.0396625
471 0.0396639
472 0.0396748
473 0.0396946
474 0.0397032
475 0.0397061
476 0.039709
477 0.0397059
478 0.0397168
479 0.0397347
480 0.0397354
481 0.0397427
482 0.0397429
483 0.0397485
484 0.0397456
485 0.039755
486 0.0397559
487 0.0397573
488 0.0397704
489 0.0397798
490 0.0397766
491 0.0397868
492 0.0398002
493 0.0398121
494 0.0398207
495 0.0398284
496 0.0398311
497 0.0398463
498 0.0398528
499 0.0398583
500 0.039863
501 0.0398764
502 0.0398802
503 0.0398977
504 0.0398983
505 0.0399109
506 0.0399247
507 0.0399412
508 0.039964
509 0.0399724
510 0.0399743
511 0.0399806
512 0.0399874
513 0.0399948
514 0.0400021
515 0.0400129
516 0.0400301
517 0.0400328
518 0.0400401
519 0.0400559
520 0.0400657
521 0.0400858
522 0.0400968
523 0.0401108
524 0.04013
525 0.0401496
526 0.0401587
527 0.0401666
528 0.0401728
529 0.0401746
530 0.0401773
531 0.0401874
532 0.0401921
533 0.0402061
534 0.0402086
535 0.0402174
536 0.0402199
537 0.0402332
538 0.0402387
539 0.0402505
540 0.040253
541 0.0402734
542 0.040275
543 0.0402708
544 0.0402892
545 0.0403025
546 0.0403072
547 0.0403289
548 0.0403315
549 0.040346
550 0.0403583
551 0.0403667
552 0.0403646
553 0.0403738
554 0.0403831
555 0.0403927
556 0.0403957
557 0.0403998
558 0.0404186
559 0.0404392
560 0.0404494
561 0.0404484
562 0.0404637
563 0.0404662
564 0.0404729
565 0.040473
566 0.0404843
567 0.0404782
568 0.0404857
569 0.0404926
570 0.040512
571 0.0405237
572 0.0405283
573 0.040533
574 0.0405371
575 0.0405448
576 0.0405558
577 0.0405556
578 0.0405694
579 0.040584
580 0.040595
581 0.0405943
582 0.0406054
583 0.0405993
584 0.0406007
585 0.0406047
586 0.0406136
587 0.0406136
588 0.0406251
589 0.0406392
590 0.0406479
591 0.0406557
592 0.0406665
593 0.04068
594 0.0406807
595 0.0406906
596 0.0407097
597 0.0407237
598 0.0407389
599 0.040751
600 0.0407623
601 0.0407681
602 0.0407707
603 0.0407907
604 0.0407898
605 0.0408044
606 0.0408118
607 0.0408315
608 0.0408363
609 0.0408312
610 0.0408452
611 0.0408644
612 0.040867
613 0.0408875
614 0.0408906
615 0.0408944
616 0.040906
617 0.0409099
618 0.0409093
619 0.0409268
620 0.0409343
621 0.0409473
622 0.0409499
623 0.0409575
624 0.04097
625 0.0409773
626 0.0409811
627 0.0409864
628 0.0409923
629 0.0410014
630 0.0410052
631 0.0410211
632 0.0410284
633 0.0410363
634 0.0410436
635 0.0410586
636 0.0410695
637 0.0410699
638 0.0410883
639 0.0410939
640 0.041102
641 0.0411135
642 0.0411193
643 0.0411248
644 0.0411356
645 0.0411498
646 0.0411643
647 0.0411754
648 0.0411848
649 0.0412022
650 0.0412174
651 0.0412225
652 0.0412297
653 0.0412417
654 0.0412439
655 0.0412486
656 0.0412584
657 0.0412682
658 0.0412703
659 0.0412856
660 0.0412868
661 0.0413023
662 0.041311
663 0.0413223
664 0.0413372
665 0.0413465
666 0.0413549
667 0.0413679
668 0.0413814
669 0.0413843
670 0.0413926
671 0.0413992
672 0.0414072
673 0.0414117
674 0.0414161
675 0.0414181
676 0.0414161
677 0.0414124
678 0.0414208
679 0.0414213
680 0.0414241
681 0.0414381
682 0.041448
683 0.0414546
684 0.0414676
685 0.0414851
686 0.041491
687 0.0414931
688 0.0414967
689 0.0415114
690 0.0415267
691 0.0415441
692 0.0415628
693 0.0415722
694 0.0415785
695 0.0415927
696 0.0415996
697 0.0416162
698 0.0416331
699 0.0416381
700 0.0416498
701 0.0416508
702 0.0416577
703 0.0416757
704 0.0416847
705 0.041692
706 0.0417062
707 0.0417226
708 0.0417305
709 0.0417448
710 0.0417608
711 0.041779
712 0.0417892
713 0.0418065
714 0.0418096
715 0.0418204
716 0.0418234
717 0.041836
718 0.0418379
719 0.0418517
720 0.0418616
721 0.041877
722 0.04189
723 0.0418949
724 0.0419106
725 0.0419112
726 0.0419228
727 0.0419235
728 0.0419302
729 0.0419288
730 0.0419475
731 0.0419528
732 0.0419555
733 0.0419726
734 0.0419799
735 0.0419819
736 0.0419969
737 0.0420041
738 0.0420147
739 0.0420266
740 0.0420384
741 0.0420389
742 0.0420355
743 0.042038
744 0.0420579
745 0.0420593
746 0.0420811
747 0.0420848
748 0.0420928
749 0.0420954
750 0.0421101
751 0.0421148
752 0.0421194
753 0.0421171
754 0.0421268
755 0.0421348
756 0.0421502
757 0.0421578
758 0.0421692
759 0.0421806
760 0.0421923
761 0.0422034
762 0.0422206
763 0.0422365
764 0.0422386
765 0.0422464
766 0.0422618
767 0.0422643
768 0.0422802
769 0.0422936
770 0.0422986
771 0.0423053
772 0.0423122
773 0.0423194
774 0.0423282
775 0.0423388
776 0.0423655
777 0.0423768
778 0.0423946
779 0.0423957
780 0.0423991
781 0.0424088
782 0.0424166
783 0.0424346
784 0.0424474
785 0.0424558
786 0.0424628
787 0.0424713
788 0.0424929
789 0.0425029
790 0.0425107
791 0.0425155
792 0.0425205
793 0.0425393
794 0.0425611
795 0.0425787
796 0.0425897
797 0.0425993
798 0.042614
799 0.0426204
800 0.0426333
801 0.0426399
802 0.0426422
803 0.0426529
804 0.0426631
805 0.0426667
806 0.042662
807 0.0426695
808 0.0426733
809 0.0426899
810 0.0426993
811 0.0427055
812 0.0427198
813 0.0427353
814 0.0427525
815 0.0427593
816 0.0427654
817 0.042777
818 0.0427893
819 0.0428002
820 0.0427974
821 0.0428019
822 0.0428052
823 0.0428046
824 0.042824
825 0.0428238
826 0.0428343
827 0.0428357
828 0.0428493
829 0.0428606
830 0.0428657
831 0.0428787
832 0.0428833
833 0.0428896
834 0.042906
835 0.0429055
836 0.0429238
837 0.0429342
838 0.0429391
839 0.0429497
840 0.0429495
841 0.0429726
842 0.042984
843 0.0429913
844 0.0430001
845 0.0430114
846 0.0430186
847 0.0430268
848 0.0430319
849 0.0430429
850 0.0430445
851 0.043047
852 0.04306
853 0.0430724
854 0.0430839
855 0.0430954
856 0.0431
857 0.0431044
858 0.0430987
859 0.0431097
860 0.043109
861 0.0431201
862 0.043136
863 0.043142
864 0.0431482
865 0.0431571
866 0.0431729
867 0.0431775
868 0.0431812
869 0.0431756
870 0.0431763
871 0.0431886
872 0.0431936
873 0.043207
874 0.0432176
875 0.0432231
876 0.0432306
877 0.04325
878 0.0432549
879 0.0432578
880 0.0432789
881 0.0432818
882 0.0433033
883 0.0433144
884 0.0433228
885 0.0433205
886 0.0433277
887 0.0433474
888 0.0433624
889 0.0433801
890 0.0433996
891 0.04341
892 0.0434143
893 0.0434217
894 0.0434434
895 0.0434433
896 0.043443
897 0.0434597
898 0.0434569
899 0.0434608
900 0.0434743
901 0.043485
902 0.0435019
903 0.0435054
904 0.0435091
905 0.0435109
906 0.0435103
907 0.0435198
908 0.0435373
909 0.0435349
910 0.0435428
911 0.0435574
912 0.0435718
913 0.0435791
914 0.0435853
915 0.0435859
916 0.0435848
917 0.0435995
918 0.0436002
919 0.043601
920 0.0436124
921 0.0436159
922 0.0436322
923 0.0436341
924 0.04364
925 0.0436369
926 0.0436494
927 0.0436497
928 0.0436552
929 0.0436664
930 0.0436687
931 0.0436765
932 0.0436915
933 0.0436924
934 0.0436998
935 0.0437202
936 0.0437202
937 0.0437387
938 0.0437521
939 0.0437627
940 0.0437669
941 0.0437776
942 0.043782
943 0.0437846
944 0.0437941
945 0.0437994
946 0.043819
947 0.0438299
948 0.0438387
949 0.0438522
950 0.0438588
951 0.0438701
952 0.0438862
953 0.0438996
954 0.0439055
955 0.0439099
956 0.0439214
957 0.0439303
958 0.0439258
959 0.0439469
960 0.0439579
961 0.043967
962 0.0439806
963 0.0439875
964 0.0439863
965 0.0439933
966 0.0440053
967 0.044008
968 0.0440285
969 0.0440475
970 0.0440634
971 0.0440782
972 0.0440841
973 0.044097
974 0.0441008
975 0.0441081
976 0.0441189
977 0.0441278
978 0.0441279
979 0.0441294
980 0.0441296
981 0.0441433
982 0.0441367
983 0.0441344
984 0.0441461
985 0.0441556
986 0.0441609
987 0.0441877
988 0.0442031
989 0.0442171
990 0.0442309
991 0.0442411
992 0.0442438
993 0.0442542
994 0.0442561
995 0.0442577
996 0.0442616
997 0.0442665
998 0.0442722
999 0.0442818
