0 0.0357143
0 0.0357121
1 0.0357082
2 0.0357149
3 0.0357148
4 0.0357191
5 0.0357231
6 0.0357324
7 0.0357396
8 0.0357432
9 0.0357482
10 0.0357515
11 0.0357623
12 0.0357606
13 0.0357585
14 0.0357613
15 0.0357623
16 0.0357672
17 0.0357746
18 0.0357818
19 0.0357801
20 0.0357897
21 0.0357929
22 0.0358
23 0.0358067
24 0.0358123
25 0.0358134
26 0.0358223
27 0.0358302
28 0.0358297
29 0.0358316
30 0.0358347
31 0.0358412
32 0.0358435
33 0.0358469
34 0.0358543
35 0.0358573
36 0.0358594
37 0.0358657
38 0.0358688
39 0.035875
40 0.0358809
41 0.035882
42 0.0358935
43 0.0358998
44 0.0359003
45 0.0358987
46 0.0359082
47 0.0359184
48 0.0359218
49 0.0359311
50 0.0359378
51 0.0359453
52 0.0359404
53 0.0359396
54 0.0359461
55 0.0359434
56 0.0359444
57 0.0359541
58 0.0359583
59 0.0359588
60 0.035959
61 0.0359655
62 0.0359759
63 0.0359778
64 0.0359858
65 0.0359866
66 0.0360032
67 0.0360096
68 0.0360105
69 0.0360197
70 0.0360226
71 0.0360268
72 0.0360307
73 0.036037
74 0.0360417
75 0.0360477
76 0.0360543
77 0.0360578
78 0.0360635
79 0.0360624
80 0.036064
81 0.0360605
82 0.0360656
83 0.0360745
84 0.0360747
85 0.0360746
86 0.036079
87 0.0360811
88 0.0360884
89 0.036086
90 0.0360819
91 0.0360823
92 0.0360977
93 0.0361026
94 0.0361109
95 0.0361154
96 0.0361124
97 0.036118
98 0.036123
99 0.0361219
100 0.0361206
101 0.0361343
102 0.0361338
103 0.0361282
104 0.0361365
105 0.0361336
106 0.0361375
107 0.0361362
108 0.0361352
109 0.0361408
110 0.0361454
111 0.0361466
112 0.0361531
113 0.0361644
114 0.0361639
115 0.0361638
116 0.0361671
117 0.0361699
118 0.0361677
119 0.0361686
120 0.0361691
121 0.0361727
122 0.0361809
123 0.0361804
124 0.0361903
125 0.0361951
126 0.0361948
127 0.0361945
128 0.0362015
129 0.0362006
130 0.0362021
131 0.036201
132 0.0362103
133 0.0362115
134 0.0362125
135 0.0362167
136 0.0362267
137 0.0362281
138 0.0362332
139 0.036233
140 0.0362448
141 0.0362442
142 0.0362444
143 0.0362391
144 0.0362478
145 0.0362541
146 0.0362539
147 0.0362557
148 0.036265
149 0.0362693
150 0.0362793
151 0.0362819
152 0.0362834
153 0.0362867
154 0.0362895
155 0.0362832
156 0.0362973
157 0.0362996
158 0.0363022
159 0.0363171
160 0.0363226
161 0.0363246
162 0.0363219
163 0.0363385
164 0.0363354
165 0.0363386
166 0.0363372
167 0.0363371
168 0.036334
169 0.0363469
170 0.0363518
171 0.0363559
172 0.0363593
173 0.0363664
174 0.0363687
175 0.0363647
176 0.0363686
177 0.0363667
178 0.0363631
179 0.0363685
180 0.0363656
181 0.036366
182 0.0363695
183 0.0363797
184 0.0363804
185 0.0363871
186 0.0363842
187 0.0363812
188 0.0363815
189 0.0363854
190 0.0363967
191 0.0364105
192 0.0364115
193 0.0364266
194 0.0364297
195 0.0364263
196 0.0364269
197 0.036439
198 0.0364463
199 0.0364513
200 0.0364599
201 0.0364651
202 0.0364715
203 0.0364711
204 0.0364722
205 0.0364868
206 0.0364926
207 0.0364891
208 0.0364894
209 0.0364947
210 0.0365042
211 0.0365063
212 0.0365124
213 0.0365174
214 0.0365234
215 0.036529
216 0.0365366
217 0.0365367
218 0.0365344
219 0.0365325
220 0.0365427
221 0.0365459
222 0.0365463
223 0.036552
224 0.0365525
225 0.0365586
226 0.0365626
227 0.0365659
228 0.036574
229 0.0365854
230 0.0365811
231 0.0365817
232 0.0365758
233 0.0365828
234 0.0365885
235 0.0365893
236 0.0365925
237 0.0365988
238 0.0366105
239 0.0366155
240 0.0366126
241 0.0366159
242 0.0366127
243 0.0366163
244 0.0366308
245 0.0366257
246 0.0366253
247 0.0366247
248 0.0366312
249 0.0366402
250 0.0366477
251 0.0366573
252 0.0366575
253 0.0366597
254 0.0366603
255 0.0366639
256 0.0366698
257 0.0366733
258 0.0366779
259 0.0366816
260 0.0366792
261 0.0366746
262 0.0366942
263 0.0367051
264 0.0367135
265 0.0367137
266 0.0367154
267 0.0367201
268 0.0367201
269 0.036717
270 0.0367187
271 0.0367265
272 0.0367201
273 0.0367183
274 0.0367186
275 0.0367117
276 0.0367247
277 0.0367184
278 0.0367243
279 0.0367233
280 0.036727
281 0.0367256
282 0.0367217
283 0.0367245
284 0.0367269
285 0.036736
286 0.0367328
287 0.0367304
288 0.0367412
289 0.0367445
290 0.0367488
291 0.0367551
292 0.0367668
293 0.0367632
294 0.0367628
295 0.0367682
296 0.0367688
297 0.0367685
298 0.036773
299 0.0367795
300 0.0367786
301 0.0367851
302 0.0367944
303 0.0367992
304 0.0367992
305 0.0368003
306 0.0368015
307 0.0368042
308 0.0368019
309 0.036799
310 0.0367958
311 0.0368059
312 0.036807
313 0.0368041
314 0.0368076
315 0.0368151
316 0.0368155
317 0.0368097
318 0.0368268
319 0.0368297
320 0.0368301
321 0.0368329
322 0.0368409
323 0.0368458
324 0.0368481
325 0.0368482
326 0.0368486
327 0.0368564
328 0.0368615
329 0.0368685
330 0.0368709
331 0.0368745
332 0.0368764
333 0.0368697
334 0.0368753
335 0.0368802
336 0.0368856
337 0.0368931
338 0.0369016
339 0.0369096
340 0.0369191
341 0.0369191
342 0.0369276
343 0.0369368
344 0.036935
345 0.0369414
346 0.0369458
347 0.0369533
348 0.0369475
349 0.0369542
350 0.0369578
351 0.0369732
352 0.0369823
353 0.0369872
354 0.0369839
355 0.0369785
356 0.0369832
357 0.0369841
358 0.0369821
359 0.0369901
360 0.0369929
361 0.0369966
362 0.0369988
363 0.0370152
364 0.0370206
365 0.0370269
366 0.0370278
367 0.0370329
368 0.037035
369 0.0370397
370 0.03704
371 0.0370403
372 0.0370477
373 0.0370503
374 0.0370691
375 0.0370818
376 0.0370917
377 0.0370927
378 0.0371001
379 0.0370949
380 0.0370954
381 0.0370887
382 0.0370903
383 0.0370855
384 0.0370905
385 0.037093
386 0.0370937
387 0.0370926
388 0.0371012
389 0.0371013
390 0.0371021
391 0.0371073
392 0.0371178
393 0.0371217
394 0.0371329
395 0.0371359
396 0.0371413
397 0.0371522
398 0.0371466
399 0.0371569
400 0.037155
401 0.0371545
402 0.0371648
403 0.03716
404 0.0371574
405 0.0371559
406 0.0371601
407 0.0371586
408 0.0371622
409 0.0371648
410 0.0371666
411 0.037172
412 0.0371659
413 0.0371673
414 0.037172
415 0.0371781
416 0.0371914
417 0.0372
418 0.0372131
419 0.0372236
420 0.0372229
421 0.0372241
422 0.0372354
423 0.0372325
424 0.0372445
425 0.0372463
426 0.037256
427 0.0372585
428 0.0372645
429 0.037266
430 0.0372781
431 0.0372848
432 0.0372811
433 0.037284
434 0.0372844
435 0.0372893
436 0.0372911
437 0.037291
438 0.0373027
439 0.0373079
440 0.0373049
441 0.0372983
442 0.0372986
443 0.0373019
444 0.0372977
445 0.0373061
446 0.0373166
447 0.0373245
448 0.037335
449 0.0373414
450 0.0373516
451 0.0373546
452 0.0373549
453 0.0373534
454 0.0373538
455 0.0373683
456 0.0373631
457 0.0373813
458 0.0373852
459 0.0373877
460 0.0373905
461 0.0373909
462 0.0373918
463 0.0374024
464 0.037401
465 0.0373992
466 0.0374041
467 0.0374054
468 0.037407
469 0.0374177
470 0.0374204
471 0.037424
472 0.0374284
473 0.0374247
474 0.0374274
475 0.0374235
476 0.0374211
477 0.0374217
478 0.0374253
479 0.0374241
480 0.0374317
481 0.0374298
482 0.0374311
483 0.0374342
484 0.0374314
485 0.0374286
486 0.0374358
487 0.0374435
488 0.0374472
489 0.0374479
490 0.0374577
491 0.0374582
492 0.0374605
493 0.0374681
494 0.0374689
495 0.0374705
496 0.0374732
497 0.037487
498 0.0374888
499 0.0374881
500 0.0374895
501 0.0374942
502 0.0375057
503 0.0375049
504 0.0375069
505 0.037508
506 0.0375104
507 0.0375295
508 0.0375246
509 0.0375357
510 0.0375369
511 0.0375323
512 0.0375316
513 0.0375295
514 0.0375322
515 0.0375291
516 0.0375295
517 0.0375365
518 0.0375394
519 0.0375461
520 0.0375429
521 0.0375388
522 0.0375436
523 0.0375475
524 0.0375461
525 0.0375459
526 0.0375412
527 0.0375376
528 0.0375379
529 0.0375394
530 0.0375392
531 0.0375366
532 0.0375455
533 0.0375493
534 0.0375584
535 0.0375721
536 0.0375726
537 0.0375861
538 0.0375927
539 0.0375981
540 0.0376041
541 0.0376103
542 0.0376153
543 0.0376261
544 0.0376262
545 0.037632
546 0.0376364
547 0.0376432
548 0.0376449
549 0.0376534
550 0.0376554
551 0.0376603
552 0.0376622
553 0.0376688
554 0.0376751
555 0.0376767
556 0.0376739
557 0.0376786
558 0.0376794
559 0.0376792
560 0.037681
561 0.0376861
562 0.0376857
563 0.0376939
564 0.0376957
565 0.0377015
566 0.0377003
567 0.0377058
568 0.0377014
569 0.0377066
570 0.0377086
571 0.0377159
572 0.0377119
573 0.037717
574 0.0377225
575 0.037726
576 0.0377212
577 0.0377337
578 0.0377302
579 0.0377298
580 0.0377332
581 0.0377495
582 0.0377538
583 0.037763
584 0.0377599
585 0.0377716
586 0.0377751
587 0.0377792
588 0.0377873
589 0.0377874
590 0.0377913
591 0.0377926
592 0.0377904
593 0.0377916
594 0.0377946
595 0.0377985
596 0.0378048
597 0.0378173
598 0.0378189
599 0.037831
600 0.0378421
601 0.0378469
602 0.0378508
603 0.0378536
604 0.0378549
605 0.037853
606 0.0378599
607 0.0378607
608 0.0378632
609 0.0378769
610 0.0378793
611 0.0378843
612 0.0378919
613 0.037887
614 0.0378842
615 0.0378886
616 0.0378908
617 0.0378988
618 0.0379038
619 0.0379052
620 0.0379109
621 0.0379224
622 0.0379268
623 0.0379268
624 0.0379337
625 0.0379384
626 0.0379412
627 0.0379438
628 0.0379479
629 0.0379533
630 0.0379598
631 0.0379679
632 0.0379738
633 0.0379723
634 0.0379688
635 0.0379722
636 0.0379748
637 0.0379773
638 0.0379805
639 0.0379804
640 0.0379827
641 0.0379833
642 0.0379825
643 0.0379825
644 0.0379835
645 0.0379967
646 0.0379945
647 0.0380013
648 0.0380091
649 0.0380117
650 0.0380102
651 0.0380154
652 0.0380219
653 0.0380293
654 0.0380319
655 0.0380431
656 0.0380467
657 0.038049
658 0.0380602
659 0.0380614
660 0.0380628
661 0.0380638
662 0.0380663
663 0.0380683
664 0.0380664
665 0.0380635
666 0.0380641
667 0.0380733
668 0.0380748
669 0.0380786
670 0.0380798
671 0.0380972
672 0.0380938
673 0.0380969
674 0.0380925
675 0.0380964
676 0.0380995
677 0.0380968
678 0.0381012
679 0.038095
680 0.0380987
681 0.0380985
682 0.0381047
683 0.038108
684 0.0381157
685 0.0381154
686 0.0381295
687 0.0381253
688 0.0381243
689 0.0381219
690 0.038121
691 0.0381256
692 0.0381253
693 0.0381315
694 0.0381346
695 0.0381388
696 0.0381587
697 0.0381639
698 0.0381674
699 0.0381652
700 0.0381662
701 0.0381599
702 0.0381718
703 0.0381762
704 0.0381776
705 0.0381854
706 0.0381858
707 0.0381925
708 0.0381952
709 0.0382028
710 0.0381959
711 0.0381975
712 0.0381937
713 0.0381933
714 0.0382062
715 0.0382052
716 0.0382054
717 0.0382124
718 0.0382099
719 0.0382083
720 0.0382082
721 0.0382109
722 0.0382067
723 0.0382093
724 0.0382107
725 0.0382128
726 0.0382183
727 0.0382158
728 0.0382202
729 0.0382177
730 0.0382219
731 0.0382196
732 0.0382279
733 0.0382344
734 0.0382347
735 0.0382388
736 0.0382423
737 0.0382396
738 0.0382475
739 0.0382517
740 0.0382584
741 0.0382649
742 0.0382639
743 0.0382866
744 0.0382863
745 0.0382901
746 0.0382968
747 0.0383013
748 0.0382965
749 0.0382985
750 0.0382993
751 0.0383106
752 0.0383147
753 0.0383216
754 0.0383199
755 0.0383323
756 0.0383319
757 0.0383264
758 0.0383275
759 0.0383278
760 0.0383231
761 0.0383286
762 0.0383331
763 0.0383468
764 0.0383639
765 0.0383643
766 0.0383616
767 0.0383723
768 0.0383731
769 0.0383765
770 0.0383837
771 0.038388
772 0.0383954
773 0.038402
774 0.0383973
775 0.0383984
776 0.038397
777 0.038405
778 0.0384013
779 0.0383978
780 0.0384142
781 0.0384204
782 0.0384165
783 0.0384264
784 0.0384267
785 0.0384389
786 0.0384501
787 0.0384521
788 0.0384489
789 0.0384428
790 0.0384417
791 0.0384434
792 0.0384514
793 0.0384528
794 0.0384495
795 0.0384446
796 0.0384435
797 0.0384464
798 0.0384523
799 0.0384586
800 0.0384597
801 0.0384683
802 0.0384717
803 0.0384697
804 0.0384745
805 0.0384735
806 0.0384842
807 0.0384957
808 0.0385012
809 0.0385099
810 0.038506
811 0.0385031
812 0.0385021
813 0.038508
814 0.0385123
815 0.0385222
816 0.0385223
817 0.0385319
818 0.0385348
819 0.0385406
820 0.0385476
821 0.0385585
822 0.0385709
823 0.0385685
824 0.0385771
825 0.0385698
826 0.0385724
827 0.0385795
828 0.0385814
829 0.0385868
830 0.0385865
831 0.038589
832 0.038583
833 0.0385831
834 0.038586
835 0.0385908
836 0.0386027
837 0.0385987
838 0.0386021
839 0.0386106
840 0.0386321
841 0.0386376
842 0.0386473
843 0.0386529
844 0.0386576
845 0.0386527
846 0.0386565
847 0.038652
848 0.0386494
849 0.0386465
850 0.0386464
851 0.0386608
852 0.0386651
853 0.0386725
854 0.0386693
855 0.0386765
856 0.0386727
857 0.0386814
858 0.0386791
859 0.0386819
860 0.0386875
861 0.038692
862 0.0386858
863 0.0386865
864 0.0386912
865 0.038688
866 0.0386897
867 0.0386913
868 0.0386977
869 0.0386975
870 0.0387032
871 0.0387074
872 0.0387032
873 0.0387026
874 0.0387059
875 0.0387078
876 0.0387099
877 0.0387167
878 0.0387172
879 0.0387213
880 0.0387237
881 0.0387332
882 0.0387348
883 0.0387369
884 0.0387356
885 0.0387478
886 0.0387579
887 0.0387625
888 0.0387625
889 0.0387599
890 0.0387632
891 0.0387667
892 0.038777
893 0.0387848
894 0.0387785
895 0.0387856
896 0.0387948
897 0.0388043
898 0.0388186
899 0.0388154
900 0.0388245
901 0.0388317
902 0.0388373
903 0.038843
904 0.0388417
905 0.03884
906 0.0388466
907 0.0388499
908 0.0388506
909 0.0388531
910 0.0388623
911 0.0388595
912 0.0388622
913 0.03886
914 0.038864
915 0.0388693
916 0.0388762
917 0.0388762
918 0.0388754
919 0.038877
920 0.0388809
921 0.038887
922 0.0388921
923 0.0388917
924 0.0388951
925 0.0389031
926 0.0388969
927 0.0389052
928 0.0389062
929 0.0389001
930 0.0389108
931 0.0389222
932 0.0389284
933 0.0389244
934 0.0389256
935 0.0389224
936 0.038928
937 0.0389304
938 0.0389278
939 0.0389277
940 0.0389474
941 0.0389549
942 0.0389625
943 0.0389613
944 0.0389676
945 0.0389716
946 0.0389721
947 0.0389761
948 0.0389738
949 0.038977
950 0.0389777
951 0.0389805
952 0.0389806
953 0.0389864
954 0.0389968
955 0.0389896
956 0.0389906
957 0.0390043
958 0.0390078
959 0.0390127
960 0.0390215
961 0.0390257
962 0.0390286
963 0.039031
964 0.0390314
965 0.0390302
966 0.0390277
967 0.0390289
968 0.0390298
969 0.0390286
970 0.0390334
971 0.0390313
972 0.0390342
973 0.0390422
974 0.0390562
975 0.0390543
976 0.0390546
977 0.0390584
978 0.0390584
979 0.0390638
980 0.0390654
981 0.0390603
982 0.0390722
983 0.0390792
984 0.0390847
985 0.0390854
986 0.0390854
987 0.0390794
988 0.0390803
989 0.0390895
990 0.0390972
991 0.0391062
992 0.039107
993 0.0391108
994 0.0391101
995 0.0391122
996 0.039114
997 0.0391148
998 0.0391227
999 0.0391242
