0 0.0357143
0 0.0357081
1 0.0357026
2 0.0356963
3 0.0356903
4 0.0356842
5 0.0356779
6 0.0356719
7 0.0356657
8 0.0356596
9 0.0356532
10 0.0356476
11 0.0356417
12 0.0356355
13 0.035629
14 0.0356228
15 0.0356167
16 0.0356105
17 0.0356041
18 0.0355985
19 0.0355932
20 0.0355871
21 0.0355808
22 0.0355744
23 0.0355682
24 0.0355618
25 0.0355559
26 0.0355499
27 0.0355439
28 0.0355382
29 0.0355322
30 0.0355266
31 0.0355206
32 0.0355148
33 0.0355089
34 0.0355025
35 0.035496
36 0.03549
37 0.0354838
38 0.0354779
39 0.0354721
40 0.0354663
41 0.0354604
42 0.0354547
43 0.0354487
44 0.0354429
45 0.035437
46 0.0354312
47 0.0354251
48 0.0354186
49 0.0354128
50 0.035407
51 0.0354013
52 0.0353949
53 0.0353892
54 0.0353832
55 0.0353772
56 0.0353709
57 0.0353648
58 0.0353586
59 0.0353529
60 0.0353468
61 0.0353423
62 0.0353363
63 0.0353299
64 0.0353238
65 0.0353178
66 0.0353114
67 0.0353049
68 0.0352986
69 0.0352921
70 0.0352866
71 0.0352801
72 0.035274
73 0.0352679
74 0.0352616
75 0.0352558
76 0.0352502
77 0.0352443
78 0.0352382
79 0.035232
80 0.0352259
81 0.03522
82 0.0352135
83 0.0352069
84 0.0352007
85 0.0351951
86 0.035189
87 0.0351831
88 0.0351768
89 0.0351705
90 0.0351646
91 0.0351585
92 0.0351525
93 0.0351462
94 0.0351408
95 0.0351349
96 0.0351292
97 0.035123
98 0.035117
99 0.0351113
100 0.0351052
101 0.035099
102 0.0350929
103 0.0350867
104 0.0350813
105 0.0350755
106 0.0350694
107 0.0350633
108 0.0350571
109 0.0350509
110 0.0350448
111 0.0350393
112 0.0350333
113 0.0350276
114 0.0350218
115 0.0350154
116 0.035009
117 0.0350028
118 0.0349963
119 0.0349901
120 0.0349846
121 0.034978
122 0.0349722
123 0.0349661
124 0.0349602
125 0.0349551
126 0.0349489
127 0.0349426
128 0.0349371
129 0.0349313
130 0.0349253
131 0.0349191
132 0.0349134
133 0.0349072
134 0.0349011
135 0.034895
136 0.0348894
137 0.0348838
138 0.0348775
139 0.0348715
140 0.0348655
141 0.0348597
142 0.0348536
143 0.0348476
144 0.0348412
145 0.0348349
146 0.0348286
147 0.0348229
148 0.0348168
149 0.0348115
150 0.0348056
151 0.0347995
152 0.0347942
153 0.0347884
154 0.034782
155 0.0347765
156 0.0347708
157 0.0347648
158 0.0347588
159 0.0347532
160 0.0347469
161 0.0347406
162 0.0347344
163 0.0347281
164 0.0347217
165 0.034716
166 0.03471
167 0.034704
168 0.0346986
169 0.034693
170 0.0346867
171 0.0346805
172 0.0346744
173 0.0346686
174 0.0346624
175 0.0346563
176 0.03465
177 0.0346438
178 0.0346374
179 0.0346313
180 0.0346256
181 0.0346196
182 0.0346137
183 0.0346075
184 0.0346017
185 0.0345957
186 0.0345901
187 0.0345839
188 0.0345779
189 0.0345721
190 0.0345656
191 0.0345595
192 0.0345536
193 0.0345478
194 0.0345422
195 0.0345366
196 0.0345304
197 0.0345243
198 0.0345184
199 0.0345123
200 0.0345067
201 0.0345012
202 0.0344956
203 0.0344896
204 0.0344837
205 0.0344777
206 0.0344717
207 0.0344656
208 0.0344596
209 0.0344535
210 0.0344474
211 0.0344413
212 0.034435
213 0.0344291
214 0.0344234
215 0.0344175
216 0.0344111
217 0.0344055
218 0.0343996
219 0.0343935
220 0.0343875
221 0.0343816
222 0.0343755
223 0.0343698
224 0.0343638
225 0.0343576
226 0.0343517
227 0.0343461
228 0.0343403
229 0.0343341
230 0.0343279
231 0.0343216
232 0.0343155
233 0.0343095
234 0.0343037
235 0.0342976
236 0.0342917
237 0.0342855
238 0.0342793
239 0.0342731
240 0.0342672
241 0.0342614
242 0.0342551
243 0.034249
244 0.0342431
245 0.0342372
246 0.034231
247 0.034225
248 0.0342186
249 0.0342134
250 0.0342077
251 0.0342016
252 0.0341954
253 0.0341893
254 0.0341838
255 0.0341776
256 0.0341713
257 0.0341658
258 0.0341597
259 0.0341537
260 0.0341478
261 0.0341427
262 0.0341371
263 0.0341319
264 0.0341261
265 0.0341199
266 0.0341151
267 0.0341098
268 0.0341042
269 0.0340984
270 0.0340924
271 0.0340866
272 0.0340815
273 0.0340754
274 0.0340697
275 0.0340636
276 0.034058
277 0.0340528
278 0.0340467
279 0.0340404
280 0.0340349
281 0.034029
282 0.0340229
283 0.0340169
284 0.034011
285 0.034005
286 0.0339991
287 0.0339929
288 0.0339877
289 0.0339818
290 0.0339761
291 0.0339702
292 0.0339645
293 0.0339587
294 0.0339529
295 0.0339472
296 0.0339411
297 0.0339353
298 0.0339297
299 0.0339241
300 0.0339182
301 0.0339121
302 0.033906
303 0.0339
304 0.0338944
305 0.0338888
306 0.0338826
307 0.0338767
308 0.0338707
309 0.0338649
310 0.0338589
311 0.0338527
312 0.0338469
313 0.033841
314 0.0338349
315 0.0338288
316 0.0338231
317 0.0338175
318 0.033812
319 0.0338059
320 0.0338005
321 0.0337946
322 0.0337889
323 0.0337833
324 0.0337779
325 0.0337721
326 0.0337664
327 0.0337605
328 0.0337542
329 0.0337482
330 0.0337425
331 0.0337366
332 0.0337314
333 0.0337258
334 0.0337197
335 0.0337142
336 0.0337079
337 0.0337023
338 0.0336963
339 0.0336904
340 0.0336846
341 0.0336788
342 0.0336731
343 0.0336672
344 0.0336615
345 0.0336562
346 0.0336503
347 0.0336444
348 0.0336384
349 0.0336328
350 0.0336267
351 0.0336207
352 0.033615
353 0.0336089
354 0.0336031
355 0.0335977
356 0.0335921
357 0.0335862
358 0.0335801
359 0.0335741
360 0.0335684
361 0.0335627
362 0.0335569
363 0.0335512
364 0.0335452
365 0.0335393
366 0.0335338
367 0.0335282
368 0.0335226
369 0.0335169
370 0.0335107
371 0.0335053
372 0.0334993
373 0.0334933
374 0.0334873
375 0.033481
376 0.0334753
377 0.0334698
378 0.0334642
379 0.0334583
380 0.0334531
381 0.0334473
382 0.0334411
383 0.0334351
384 0.0334291
385 0.0334232
386 0.0334172
387 0.0334109
388 0.0334047
389 0.0333994
390 0.0333936
391 0.0333876
392 0.0333818
393 0.0333757
394 0.0333698
395 0.0333637
396 0.0333583
397 0.0333523
398 0.0333476
399 0.0333414
400 0.0333356
401 0.0333295
402 0.0333239
403 0.0333181
404 0.0333125
405 0.0333072
406 0.0333016
407 0.0332956
408 0.0332898
409 0.0332843
410 0.0332784
411 0.0332733
412 0.0332679
413 0.0332626
414 0.0332566
415 0.033251
416 0.0332453
417 0.0332395
418 0.033234
419 0.0332283
420 0.0332224
421 0.0332166
422 0.0332108
423 0.0332055
424 0.0331998
425 0.0331941
426 0.0331881
427 0.0331824
428 0.0331764
429 0.0331704
430 0.0331643
431 0.0331584
432 0.0331524
433 0.0331466
434 0.033141
435 0.0331352
436 0.0331298
437 0.0331239
438 0.0331183
439 0.0331126
440 0.0331071
441 0.0331012
442 0.0330954
443 0.0330895
444 0.0330837
445 0.0330782
446 0.0330727
447 0.0330674
448 0.0330616
449 0.0330561
450 0.0330502
451 0.0330445
452 0.0330387
453 0.0330331
454 0.0330271
455 0.0330209
456 0.033015
457 0.0330094
458 0.0330037
459 0.0329985
460 0.0329928
461 0.0329869
462 0.0329811
463 0.0329758
464 0.0329697
465 0.0329642
466 0.0329583
467 0.0329527
468 0.0329466
469 0.0329407
470 0.0329352
471 0.0329297
472 0.0329248
473 0.0329189
474 0.0329137
475 0.0329081
476 0.032903
477 0.0328971
478 0.0328915
479 0.0328857
480 0.0328797
481 0.0328741
482 0.0328689
483 0.032863
484 0.0328579
485 0.0328521
486 0.0328464
487 0.032841
488 0.0328349
489 0.032829
490 0.0328238
491 0.0328184
492 0.0328128
493 0.0328068
494 0.0328008
495 0.0327952
496 0.0327892
497 0.0327834
498 0.0327775
499 0.0327719
500 0.0327664
501 0.0327607
502 0.0327554
503 0.0327496
504 0.0327441
505 0.0327388
506 0.0327328
507 0.0327273
508 0.0327216
509 0.0327159
510 0.0327105
511 0.0327048
512 0.0326989
513 0.0326929
514 0.0326874
515 0.0326815
516 0.0326754
517 0.0326694
518 0.0326638
519 0.0326578
520 0.0326521
521 0.0326465
522 0.0326406
523 0.0326347
524 0.032629
525 0.0326235
526 0.0326179
527 0.0326121
528 0.032606
529 0.0326002
530 0.0325955
531 0.0325899
532 0.0325849
533 0.0325796
534 0.0325738
535 0.0325682
536 0.0325626
537 0.0325572
538 0.0325517
539 0.0325461
540 0.0325406
541 0.0325347
542 0.0325291
543 0.0325232
544 0.0325176
545 0.0325122
546 0.0325068
547 0.0325013
548 0.032496
549 0.0324902
550 0.0324847
551 0.0324793
552 0.0324732
553 0.0324677
554 0.0324619
555 0.032456
556 0.0324503
557 0.0324449
558 0.0324395
559 0.0324339
560 0.0324281
561 0.032422
562 0.0324167
563 0.0324111
564 0.0324054
565 0.0323997
566 0.0323943
567 0.0323888
568 0.0323831
569 0.0323773
570 0.0323717
571 0.0323661
572 0.0323602
573 0.0323548
574 0.0323492
575 0.0323434
576 0.0323377
577 0.0323324
578 0.0323267
579 0.0323212
580 0.0323158
581 0.0323101
582 0.0323045
583 0.0322989
584 0.0322931
585 0.0322873
586 0.0322816
587 0.0322762
588 0.0322706
589 0.0322652
590 0.0322593
591 0.0322536
592 0.0322481
593 0.0322422
594 0.0322365
595 0.0322309
596 0.0322254
597 0.0322202
598 0.0322143
599 0.0322085
600 0.0322034
601 0.0321982
602 0.0321925
603 0.0321872
604 0.0321818
605 0.0321762
606 0.0321707
607 0.0321651
608 0.0321597
609 0.0321542
610 0.0321484
611 0.0321427
612 0.0321369
613 0.0321313
614 0.0321258
615 0.0321201
616 0.0321144
617 0.0321091
618 0.0321033
619 0.0320975
620 0.032092
621 0.0320867
622 0.0320811
623 0.0320758
624 0.03207
625 0.0320641
626 0.0320583
627 0.0320533
628 0.0320477
629 0.0320422
630 0.0320367
631 0.032031
632 0.0320259
633 0.0320201
634 0.0320144
635 0.0320086
636 0.0320027
637 0.0319967
638 0.0319911
639 0.0319856
640 0.0319798
641 0.0319742
642 0.0319689
643 0.0319632
644 0.0319578
645 0.0319522
646 0.0319466
647 0.0319408
648 0.0319352
649 0.0319296
650 0.0319238
651 0.0319178
652 0.0319127
653 0.0319079
654 0.0319026
655 0.0318969
656 0.0318914
657 0.0318857
658 0.0318801
659 0.0318745
660 0.0318686
661 0.0318637
662 0.0318585
663 0.031853
664 0.0318472
665 0.0318416
666 0.0318364
667 0.0318306
668 0.0318246
669 0.0318188
670 0.0318132
671 0.0318074
672 0.0318019
673 0.0317965
674 0.0317905
675 0.0317851
676 0.0317794
677 0.0317745
678 0.031769
679 0.0317637
680 0.0317577
681 0.0317521
682 0.0317469
683 0.0317414
684 0.0317356
685 0.03173
686 0.0317246
687 0.0317189
688 0.0317133
689 0.0317075
690 0.0317021
691 0.0316964
692 0.0316905
693 0.0316855
694 0.0316801
695 0.0316747
696 0.0316692
697 0.0316635
698 0.0316579
699 0.031652
700 0.0316463
701 0.0316415
702 0.0316358
703 0.0316303
704 0.0316249
705 0.0316193
706 0.0316136
707 0.0316084
708 0.0316031
709 0.0315976
710 0.0315924
711 0.0315866
712 0.0315809
713 0.0315751
714 0.0315698
715 0.0315641
716 0.0315586
717 0.031553
718 0.0315476
719 0.0315419
720 0.031537
721 0.0315312
722 0.0315254
723 0.0315199
724 0.031514
725 0.0315083
726 0.0315027
727 0.0314981
728 0.0314927
729 0.0314878
730 0.0314818
731 0.031476
732 0.0314704
733 0.0314649
734 0.0314591
735 0.0314535
736 0.0314479
737 0.0314423
738 0.0314372
739 0.0314315
740 0.0314259
741 0.0314203
742 0.0314153
743 0.0314104
744 0.0314048
745 0.0313991
746 0.0313934
747 0.0313876
748 0.0313817
749 0.0313763
750 0.0313711
751 0.0313657
752 0.0313605
753 0.0313548
754 0.0313498
755 0.0313445
756 0.0313391
757 0.0313334
758 0.0313278
759 0.0313222
760 0.0313165
761 0.0313111
762 0.0313057
763 0.0313006
764 0.0312949
765 0.0312894
766 0.0312838
767 0.0312783
768 0.0312725
769 0.0312669
770 0.0312617
771 0.031256
772 0.0312505
773 0.0312448
774 0.0312394
775 0.0312344
776 0.031229
777 0.0312233
778 0.0312176
779 0.0312119
780 0.0312063
781 0.0312006
782 0.0311963
783 0.0311911
784 0.0311859
785 0.0311807
786 0.0311755
787 0.0311696
788 0.0311643
789 0.0311592
790 0.0311539
791 0.0311485
792 0.0311432
793 0.0311376
794 0.0311325
795 0.0311268
796 0.0311214
797 0.0311163
798 0.0311111
799 0.0311057
800 0.0311006
801 0.0310951
802 0.0310898
803 0.0310845
804 0.0310789
805 0.0310734
806 0.0310683
807 0.0310628
808 0.0310571
809 0.0310515
810 0.0310459
811 0.0310407
812 0.0310354
813 0.0310296
814 0.0310241
815 0.0310189
816 0.0310138
817 0.0310084
818 0.0310026
819 0.0309976
820 0.0309918
821 0.0309867
822 0.0309811
823 0.0309759
824 0.0309704
825 0.0309649
826 0.0309591
827 0.0309534
828 0.0309478
829 0.0309424
830 0.0309367
831 0.0309312
832 0.0309258
833 0.0309203
834 0.0309148
835 0.0309098
836 0.0309044
837 0.0308992
838 0.0308933
839 0.0308879
840 0.0308822
841 0.0308771
842 0.0308716
843 0.0308659
844 0.0308608
845 0.0308551
846 0.0308496
847 0.0308441
848 0.0308385
849 0.0308331
850 0.0308281
851 0.0308225
852 0.030817
853 0.0308115
854 0.0308065
855 0.0308015
856 0.0307962
857 0.030791
858 0.0307856
859 0.0307799
860 0.0307746
861 0.0307693
862 0.0307646
863 0.0307597
864 0.0307541
865 0.0307485
866 0.0307437
867 0.0307395
868 0.0307343
869 0.0307288
870 0.0307234
871 0.0307177
872 0.0307129
873 0.0307074
874 0.0307018
875 0.0306964
876 0.0306911
877 0.0306855
878 0.03068
879 0.0306743
880 0.0306696
881 0.0306646
882 0.0306592
883 0.0306545
884 0.0306491
885 0.0306436
886 0.0306382
887 0.0306332
888 0.0306276
889 0.0306225
890 0.030617
891 0.0306114
892 0.0306059
893 0.0306004
894 0.0305949
895 0.0305894
896 0.0305841
897 0.0305788
898 0.0305732
899 0.0305681
900 0.0305626
901 0.0305575
902 0.0305518
903 0.0305465
904 0.0305414
905 0.0305369
906 0.0305312
907 0.0305256
908 0.0305204
909 0.0305155
910 0.03051
911 0.0305045
912 0.0304993
913 0.0304939
914 0.0304891
915 0.0304836
916 0.0304782
917 0.0304727
918 0.0304675
919 0.0304622
920 0.0304566
921 0.0304515
922 0.0304461
923 0.0304405
924 0.0304351
925 0.0304299
926 0.0304246
927 0.0304194
928 0.030414
929 0.0304084
930 0.0304031
931 0.0303982
932 0.0303928
933 0.0303871
934 0.0303818
935 0.0303766
936 0.030371
937 0.0303656
938 0.0303607
939 0.0303553
940 0.0303498
941 0.0303452
942 0.0303397
943 0.0303343
944 0.0303292
945 0.030324
946 0.0303184
947 0.0303131
948 0.0303078
949 0.0303024
950 0.030297
951 0.030292
952 0.0302864
953 0.0302813
954 0.030276
955 0.0302707
956 0.0302656
957 0.03026
958 0.0302545
959 0.0302493
960 0.0302437
961 0.0302386
962 0.0302331
963 0.0302279
964 0.0302224
965 0.0302171
966 0.0302115
967 0.0302065
968 0.0302015
969 0.030196
970 0.030191
971 0.0301856
972 0.0301802
973 0.0301748
974 0.0301697
975 0.0301645
976 0.0301592
977 0.0301541
978 0.0301485
979 0.030143
980 0.0301375
981 0.030132
982 0.0301266
983 0.0301212
984 0.0301161
985 0.0301108
986 0.0301057
987 0.0301006
988 0.0300951
989 0.0300902
990 0.0300849
991 0.0300796
992 0.0300743
993 0.0300689
994 0.030064
995 0.0300587
996 0.0300537
997 0.0300484
998 0.0300428
999 0.0300378
