0 0.0357143
0 0.0357103
1 0.035706
2 0.0357012
3 0.0356963
4 0.0356909
5 0.0356846
6 0.0356784
7 0.0356736
8 0.0356687
9 0.0356645
10 0.0356592
11 0.0356559
12 0.0356522
13 0.0356478
14 0.0356427
15 0.0356381
16 0.0356327
17 0.0356284
18 0.0356246
19 0.0356208
20 0.0356142
21 0.0356085
22 0.0356023
23 0.0355964
24 0.0355915
25 0.0355867
26 0.0355822
27 0.0355771
28 0.0355726
29 0.0355675
30 0.0355633
31 0.0355591
32 0.0355569
33 0.0355511
34 0.0355455
35 0.0355401
36 0.0355353
37 0.03553
38 0.0355252
39 0.0355223
40 0.0355176
41 0.0355124
42 0.0355066
43 0.0355009
44 0.0354961
45 0.0354914
46 0.0354876
47 0.0354825
48 0.0354778
49 0.0354727
50 0.0354676
51 0.0354632
52 0.0354576
53 0.035452
54 0.0354467
55 0.0354418
56 0.0354372
57 0.035432
58 0.0354269
59 0.035422
60 0.0354171
61 0.0354119
62 0.0354061
63 0.0354002
64 0.0353956
65 0.0353906
66 0.0353846
67 0.035379
68 0.0353729
69 0.0353677
70 0.0353648
71 0.0353588
72 0.0353528
73 0.0353474
74 0.0353423
75 0.0353379
76 0.0353336
77 0.0353278
78 0.0353222
79 0.0353181
80 0.0353126
81 0.0353067
82 0.0353019
83 0.0352966
84 0.0352911
85 0.0352878
86 0.0352842
87 0.0352784
88 0.035273
89 0.0352682
90 0.035263
91 0.0352581
92 0.035253
93 0.0352481
94 0.0352443
95 0.0352387
96 0.0352347
97 0.0352292
98 0.0352239
99 0.0352191
100 0.0352133
101 0.0352075
102 0.0352023
103 0.0351984
104 0.0351929
105 0.0351874
106 0.035183
107 0.0351776
108 0.0351722
109 0.0351678
110 0.0351626
111 0.0351575
112 0.0351518
113 0.0351478
114 0.0351436
115 0.0351377
116 0.0351325
117 0.0351272
118 0.0351215
119 0.0351165
120 0.0351119
121 0.035107
122 0.0351025
123 0.0350966
124 0.035092
125 0.0350891
126 0.035085
127 0.03508
128 0.0350754
129 0.0350709
130 0.0350657
131 0.0350604
132 0.0350546
133 0.0350492
134 0.0350433
135 0.0350388
136 0.0350337
137 0.0350303
138 0.0350256
139 0.0350202
140 0.0350148
141 0.0350123
142 0.0350088
143 0.035004
144 0.0349985
145 0.0349924
146 0.0349868
147 0.0349817
148 0.0349756
149 0.0349702
150 0.0349644
151 0.0349584
152 0.0349551
153 0.0349515
154 0.0349466
155 0.0349447
156 0.0349404
157 0.0349355
158 0.0349301
159 0.0349258
160 0.0349199
161 0.0349149
162 0.0349103
163 0.0349048
164 0.0348984
165 0.0348925
166 0.0348873
167 0.0348823
168 0.0348793
169 0.0348745
170 0.0348698
171 0.0348642
172 0.0348606
173 0.0348562
174 0.0348506
175 0.0348463
176 0.034841
177 0.0348364
178 0.0348309
179 0.0348269
180 0.0348218
181 0.0348172
182 0.0348115
183 0.0348063
184 0.0348015
185 0.0347965
186 0.0347903
187 0.034785
188 0.0347803
189 0.0347756
190 0.0347696
191 0.0347641
192 0.0347599
193 0.0347543
194 0.0347504
195 0.0347475
196 0.0347425
197 0.034737
198 0.0347322
199 0.0347274
200 0.0347226
201 0.0347179
202 0.0347136
203 0.0347087
204 0.034705
205 0.0346991
206 0.0346942
207 0.0346921
208 0.0346883
209 0.0346826
210 0.0346783
211 0.0346738
212 0.0346683
213 0.0346641
214 0.034659
215 0.0346559
216 0.0346507
217 0.0346462
218 0.0346423
219 0.0346378
220 0.0346332
221 0.0346279
222 0.0346219
223 0.0346172
224 0.0346125
225 0.034606
226 0.034602
227 0.034597
228 0.0345925
229 0.0345864
230 0.0345806
231 0.0345749
232 0.0345691
233 0.0345639
234 0.0345585
235 0.034553
236 0.0345479
237 0.0345428
238 0.0345375
239 0.0345324
240 0.0345274
241 0.034524
242 0.0345195
243 0.0345137
244 0.0345093
245 0.0345035
246 0.0344981
247 0.0344934
248 0.034487
249 0.034483
250 0.0344774
251 0.0344713
252 0.0344666
253 0.0344612
254 0.0344555
255 0.0344498
256 0.0344445
257 0.0344399
258 0.0344361
259 0.0344304
260 0.0344255
261 0.0344216
262 0.0344186
263 0.0344137
264 0.034409
265 0.0344037
266 0.0344001
267 0.0343951
268 0.0343893
269 0.034385
270 0.0343804
271 0.0343766
272 0.0343723
273 0.0343675
274 0.0343637
275 0.0343576
276 0.0343539
277 0.0343483
278 0.0343428
279 0.0343368
280 0.0343323
281 0.0343278
282 0.0343226
283 0.0343173
284 0.0343118
285 0.0343074
286 0.0343026
287 0.0342963
288 0.0342923
289 0.0342871
290 0.0342824
291 0.034277
292 0.0342717
293 0.0342675
294 0.0342632
295 0.0342589
296 0.0342535
297 0.0342491
298 0.0342458
299 0.0342405
300 0.0342362
301 0.0342304
302 0.0342243
303 0.0342198
304 0.0342151
305 0.0342101
306 0.0342049
307 0.0342
308 0.0341939
309 0.0341896
310 0.0341867
311 0.0341817
312 0.0341764
313 0.0341706
314 0.0341653
315 0.034161
316 0.0341572
317 0.0341521
318 0.0341462
319 0.0341416
320 0.0341366
321 0.0341315
322 0.0341268
323 0.0341213
324 0.0341159
325 0.0341113
326 0.0341067
327 0.0341032
328 0.0340977
329 0.0340922
330 0.034088
331 0.034083
332 0.0340783
333 0.0340735
334 0.0340688
335 0.0340637
336 0.0340589
337 0.0340541
338 0.0340492
339 0.034044
340 0.03404
341 0.0340346
342 0.0340288
343 0.0340233
344 0.0340184
345 0.0340139
346 0.0340086
347 0.0340036
348 0.0339987
349 0.0339931
350 0.0339881
351 0.0339833
352 0.033978
353 0.0339735
354 0.033968
355 0.0339627
356 0.0339581
357 0.0339527
358 0.0339486
359 0.0339431
360 0.0339381
361 0.0339348
362 0.0339311
363 0.0339264
364 0.0339216
365 0.0339161
366 0.0339109
367 0.0339065
368 0.0339011
369 0.0338952
370 0.0338892
371 0.0338847
372 0.0338798
373 0.0338751
374 0.03387
375 0.0338644
376 0.0338593
377 0.0338552
378 0.0338509
379 0.0338482
380 0.033845
381 0.0338425
382 0.0338375
383 0.033832
384 0.0338268
385 0.0338223
386 0.0338175
387 0.0338126
388 0.0338082
389 0.0338045
390 0.0337997
391 0.0337936
392 0.0337886
393 0.033783
394 0.0337774
395 0.0337722
396 0.0337684
397 0.0337653
398 0.0337624
399 0.0337588
400 0.0337541
401 0.033749
402 0.0337454
403 0.0337407
404 0.0337364
405 0.0337317
406 0.0337277
407 0.0337235
408 0.0337183
409 0.033714
410 0.0337088
411 0.0337047
412 0.0336996
413 0.0336951
414 0.0336896
415 0.0336853
416 0.0336808
417 0.0336758
418 0.0336708
419 0.0336664
420 0.0336614
421 0.0336555
422 0.0336499
423 0.0336448
424 0.0336398
425 0.0336353
426 0.0336312
427 0.0336291
428 0.0336236
429 0.0336177
430 0.033613
431 0.0336079
432 0.0336023
433 0.0335966
434 0.0335928
435 0.0335877
436 0.0335828
437 0.0335768
438 0.0335723
439 0.0335672
440 0.0335615
441 0.0335571
442 0.0335523
443 0.0335468
444 0.033542
445 0.0335376
446 0.0335335
447 0.0335296
448 0.0335253
449 0.0335202
450 0.033516
451 0.033511
452 0.0335066
453 0.0335024
454 0.0334968
455 0.0334927
456 0.033487
457 0.0334815
458 0.0334782
459 0.0334737
460 0.0334682
461 0.0334621
462 0.0334562
463 0.0334516
464 0.033448
465 0.0334431
466 0.0334403
467 0.0334374
468 0.0334321
469 0.0334269
470 0.0334233
471 0.0334188
472 0.033414
473 0.0334085
474 0.0334032
475 0.0333981
476 0.0333941
477 0.0333888
478 0.0333848
479 0.03338
480 0.0333751
481 0.0333712
482 0.0333668
483 0.0333618
484 0.0333563
485 0.0333516
486 0.0333461
487 0.0333415
488 0.0333364
489 0.0333324
490 0.0333278
491 0.0333234
492 0.033318
493 0.0333123
494 0.0333069
495 0.033302
496 0.0332966
497 0.0332917
498 0.0332871
499 0.0332827
500 0.0332775
501 0.0332731
502 0.0332684
503 0.0332638
504 0.0332583
505 0.0332532
506 0.0332482
507 0.033244
508 0.03324
509 0.0332363
510 0.0332311
511 0.0332261
512 0.0332207
513 0.0332149
514 0.0332096
515 0.033206
516 0.0332008
517 0.0331961
518 0.0331905
519 0.0331849
520 0.0331793
521 0.0331757
522 0.0331699
523 0.0331641
524 0.033159
525 0.0331549
526 0.0331499
527 0.0331451
528 0.0331401
529 0.0331358
530 0.0331324
531 0.0331275
532 0.0331229
533 0.0331184
534 0.0331133
535 0.0331091
536 0.0331048
537 0.0331
538 0.0330959
539 0.0330916
540 0.0330864
541 0.033082
542 0.0330775
543 0.0330723
544 0.0330671
545 0.0330642
546 0.0330611
547 0.0330558
548 0.033051
549 0.0330458
550 0.0330425
551 0.0330381
552 0.0330327
553 0.0330273
554 0.0330225
555 0.0330167
556 0.0330121
557 0.0330065
558 0.0330014
559 0.0329973
560 0.0329916
561 0.0329867
562 0.0329824
563 0.0329773
564 0.0329722
565 0.0329678
566 0.0329621
567 0.0329579
568 0.0329531
569 0.0329484
570 0.0329432
571 0.032939
572 0.032934
573 0.0329295
574 0.0329241
575 0.0329195
576 0.0329135
577 0.0329079
578 0.0329032
579 0.0328986
580 0.0328952
581 0.0328904
582 0.0328863
583 0.0328825
584 0.0328775
585 0.0328721
586 0.0328668
587 0.0328616
588 0.032857
589 0.0328516
590 0.0328465
591 0.0328409
592 0.0328363
593 0.0328312
594 0.0328261
595 0.0328215
596 0.0328168
597 0.0328137
598 0.0328086
599 0.0328033
600 0.0327985
601 0.032795
602 0.0327916
603 0.0327867
604 0.0327814
605 0.0327778
606 0.0327723
607 0.0327669
608 0.0327629
609 0.0327585
610 0.0327528
611 0.0327468
612 0.0327411
613 0.0327369
614 0.0327324
615 0.0327275
616 0.0327224
617 0.0327183
618 0.0327139
619 0.0327085
620 0.032703
621 0.0326982
622 0.0326932
623 0.0326888
624 0.0326843
625 0.0326797
626 0.0326751
627 0.0326715
628 0.0326659
629 0.0326617
630 0.032657
631 0.0326516
632 0.0326466
633 0.0326423
634 0.032638
635 0.0326326
636 0.032628
637 0.0326228
638 0.0326182
639 0.0326134
640 0.0326088
641 0.0326041
642 0.0325988
643 0.0325932
644 0.0325883
645 0.0325833
646 0.0325781
647 0.0325728
648 0.0325672
649 0.0325617
650 0.0325576
651 0.0325528
652 0.0325488
653 0.0325445
654 0.032539
655 0.032534
656 0.032529
657 0.0325247
658 0.0325189
659 0.0325139
660 0.0325107
661 0.0325056
662 0.0325021
663 0.0324972
664 0.0324919
665 0.0324864
666 0.032482
667 0.0324771
668 0.032472
669 0.0324666
670 0.0324614
671 0.0324557
672 0.0324508
673 0.032446
674 0.0324407
675 0.0324359
676 0.0324314
677 0.0324289
678 0.0324243
679 0.0324202
680 0.0324157
681 0.0324106
682 0.0324065
683 0.0324017
684 0.0323981
685 0.0323932
686 0.0323877
687 0.0323831
688 0.0323781
689 0.0323728
690 0.0323678
691 0.0323622
692 0.0323568
693 0.032353
694 0.0323476
695 0.0323422
696 0.0323364
697 0.0323315
698 0.0323265
699 0.0323213
700 0.0323172
701 0.0323163
702 0.0323114
703 0.0323061
704 0.0323012
705 0.032297
706 0.0322929
707 0.0322882
708 0.0322837
709 0.0322788
710 0.0322747
711 0.0322709
712 0.0322658
713 0.03226
714 0.0322546
715 0.0322498
716 0.0322463
717 0.0322412
718 0.0322364
719 0.0322311
720 0.0322258
721 0.0322208
722 0.0322161
723 0.0322114
724 0.0322057
725 0.0322011
726 0.0321959
727 0.0321917
728 0.0321864
729 0.0321845
730 0.03218
731 0.0321742
732 0.0321694
733 0.0321645
734 0.0321607
735 0.0321559
736 0.0321511
737 0.0321461
738 0.0321423
739 0.0321373
740 0.0321315
741 0.0321261
742 0.0321223
743 0.0321184
744 0.0321131
745 0.0321077
746 0.0321022
747 0.0320968
748 0.0320917
749 0.0320869
750 0.0320837
751 0.0320802
752 0.0320754
753 0.0320699
754 0.0320652
755 0.0320602
756 0.0320556
757 0.0320505
758 0.0320465
759 0.0320412
760 0.0320356
761 0.0320309
762 0.0320263
763 0.0320212
764 0.0320161
765 0.0320113
766 0.0320082
767 0.0320037
768 0.0319988
769 0.031994
770 0.0319892
771 0.0319849
772 0.031981
773 0.0319769
774 0.0319726
775 0.0319688
776 0.0319644
777 0.0319605
778 0.0319549
779 0.0319498
780 0.0319459
781 0.0319413
782 0.0319372
783 0.0319325
784 0.0319276
785 0.0319231
786 0.0319193
787 0.0319144
788 0.031909
789 0.0319049
790 0.0318997
791 0.0318945
792 0.0318902
793 0.0318855
794 0.031882
795 0.0318773
796 0.0318726
797 0.0318687
798 0.0318651
799 0.0318604
800 0.031856
801 0.0318504
802 0.0318448
803 0.0318397
804 0.031835
805 0.0318299
806 0.0318251
807 0.0318208
808 0.0318152
809 0.0318104
810 0.0318045
811 0.0318006
812 0.0317975
813 0.0317932
814 0.0317883
815 0.0317831
816 0.0317778
817 0.0317735
818 0.0317683
819 0.031763
820 0.0317588
821 0.0317545
822 0.0317498
823 0.0317458
824 0.0317405
825 0.0317348
826 0.0317298
827 0.0317248
828 0.0317203
829 0.0317162
830 0.0317115
831 0.031707
832 0.0317019
833 0.0316976
834 0.0316924
835 0.0316884
836 0.0316843
837 0.0316795
838 0.0316745
839 0.0316694
840 0.0316643
841 0.0316594
842 0.0316542
843 0.0316484
844 0.0316433
845 0.0316384
846 0.0316335
847 0.0316288
848 0.0316252
849 0.0316206
850 0.0316173
851 0.0316123
852 0.0316075
853 0.031603
854 0.0315981
855 0.0315933
856 0.0315899
857 0.0315856
858 0.0315815
859 0.0315759
860 0.0315708
861 0.0315664
862 0.0315612
863 0.0315558
864 0.0315509
865 0.0315467
866 0.0315425
867 0.0315384
868 0.0315331
869 0.0315282
870 0.0315236
871 0.0315186
872 0.031514
873 0.0315091
874 0.0315034
875 0.0314981
876 0.0314939
877 0.0314882
878 0.0314837
879 0.0314788
880 0.0314741
881 0.0314707
882 0.0314666
883 0.0314624
884 0.0314587
885 0.0314541
886 0.0314489
887 0.0314436
888 0.0314391
889 0.0314358
890 0.0314313
891 0.0314261
892 0.0314211
893 0.0314156
894 0.0314107
895 0.0314059
896 0.031401
897 0.0313965
898 0.0313916
899 0.0313873
900 0.0313825
901 0.0313782
902 0.0313733
903 0.0313687
904 0.0313663
905 0.0313626
906 0.0313578
907 0.0313531
908 0.0313489
909 0.0313447
910 0.0313394
911 0.031335
912 0.0313301
913 0.0313252
914 0.031322
915 0.0313168
916 0.031312
917 0.0313074
918 0.0313033
919 0.0312992
920 0.031295
921 0.0312905
922 0.0312857
923 0.0312805
924 0.0312749
925 0.0312704
926 0.0312668
927 0.0312622
928 0.0312569
929 0.0312515
930 0.0312482
931 0.0312448
932 0.0312399
933 0.0312345
934 0.03123
935 0.0312251
936 0.0312202
937 0.0312153
938 0.0312119
939 0.0312075
940 0.0312031
941 0.0312
942 0.0311943
943 0.0311889
944 0.0311837
945 0.0311796
946 0.0311754
947 0.0311699
948 0.0311651
949 0.0311596
950 0.0311544
951 0.0311494
952 0.031144
953 0.0311393
954 0.0311342
955 0.0311296
956 0.0311251
957 0.0311202
958 0.0311162
959 0.0311114
960 0.031106
961 0.0311023
962 0.0310972
963 0.0310943
964 0.0310887
965 0.0310844
966 0.0310787
967 0.0310747
968 0.0310708
969 0.0310666
970 0.0310622
971 0.0310567
972 0.0310525
973 0.0310474
974 0.0310432
975 0.0310389
976 0.0310338
977 0.0310302
978 0.031025
979 0.0310202
980 0.0310158
981 0.0310102
982 0.0310062
983 0.0310018
984 0.0309982
985 0.0309941
986 0.0309894
987 0.0309848
988 0.0309798
989 0.0309748
990 0.0309694
991 0.0309652
992 0.0309606
993 0.0309566
994 0.0309541
995 0.0309492
996 0.0309452
997 0.0309416
998 0.0309363
999 0.0309319
