0 0.0357143
0 0.035709
1 0.035703
2 0.0356972
3 0.0356912
4 0.0356855
5 0.0356793
6 0.0356741
7 0.0356682
8 0.0356622
9 0.0356559
10 0.0356497
11 0.0356436
12 0.0356391
13 0.0356335
14 0.0356277
15 0.0356221
16 0.0356165
17 0.0356105
18 0.0356049
19 0.0355996
20 0.0355934
21 0.0355874
22 0.0355812
23 0.0355758
24 0.0355698
25 0.0355637
26 0.0355585
27 0.035554
28 0.0355486
29 0.0355433
30 0.035538
31 0.035533
32 0.0355276
33 0.0355224
34 0.0355163
35 0.0355099
36 0.0355038
37 0.0354978
38 0.0354927
39 0.0354873
40 0.0354812
41 0.035475
42 0.0354693
43 0.0354628
44 0.0354572
45 0.0354518
46 0.035446
47 0.0354399
48 0.0354333
49 0.0354274
50 0.0354219
51 0.0354158
52 0.0354101
53 0.0354045
54 0.0353986
55 0.0353931
56 0.0353872
57 0.0353808
58 0.0353746
59 0.0353687
60 0.0353625
61 0.0353584
62 0.0353522
63 0.0353464
64 0.0353409
65 0.0353347
66 0.0353285
67 0.0353221
68 0.0353159
69 0.0353095
70 0.0353049
71 0.0352986
72 0.0352928
73 0.0352869
74 0.0352809
75 0.0352763
76 0.0352713
77 0.035266
78 0.0352604
79 0.0352556
80 0.0352493
81 0.0352435
82 0.035238
83 0.035232
84 0.0352263
85 0.0352211
86 0.0352156
87 0.0352098
88 0.0352034
89 0.0351977
90 0.0351926
91 0.035187
92 0.0351814
93 0.0351761
94 0.0351711
95 0.0351652
96 0.0351596
97 0.0351536
98 0.0351477
99 0.0351424
100 0.0351364
101 0.0351303
102 0.0351245
103 0.0351189
104 0.0351131
105 0.035108
106 0.0351019
107 0.0350959
108 0.0350904
109 0.0350852
110 0.0350805
111 0.0350748
112 0.0350693
113 0.0350638
114 0.0350583
115 0.0350521
116 0.0350468
117 0.0350404
118 0.0350342
119 0.0350282
120 0.0350232
121 0.035017
122 0.0350121
123 0.0350061
124 0.035
125 0.034995
126 0.0349895
127 0.0349835
128 0.034978
129 0.0349725
130 0.0349667
131 0.0349605
132 0.0349546
133 0.034949
134 0.0349426
135 0.0349365
136 0.0349315
137 0.034927
138 0.0349212
139 0.0349153
140 0.0349093
141 0.0349037
142 0.0348976
143 0.034892
144 0.0348862
145 0.03488
146 0.0348739
147 0.0348685
148 0.0348626
149 0.0348575
150 0.0348516
151 0.0348455
152 0.0348407
153 0.0348354
154 0.0348295
155 0.0348244
156 0.0348192
157 0.0348137
158 0.0348083
159 0.0348025
160 0.0347962
161 0.0347903
162 0.0347846
163 0.0347786
164 0.0347728
165 0.0347673
166 0.0347611
167 0.0347558
168 0.0347503
169 0.0347451
170 0.0347397
171 0.034734
172 0.0347279
173 0.0347224
174 0.0347167
175 0.0347106
176 0.0347046
177 0.0346989
178 0.0346926
179 0.0346873
180 0.0346819
181 0.0346762
182 0.0346707
183 0.0346653
184 0.0346597
185 0.0346536
186 0.0346477
187 0.0346423
188 0.0346372
189 0.034632
190 0.0346257
191 0.0346198
192 0.0346135
193 0.0346077
194 0.0346024
195 0.0345963
196 0.0345902
197 0.0345845
198 0.0345786
199 0.0345729
200 0.034567
201 0.0345617
202 0.0345569
203 0.0345518
204 0.0345456
205 0.0345398
206 0.0345337
207 0.0345286
208 0.0345234
209 0.0345177
210 0.0345122
211 0.0345066
212 0.0345004
213 0.0344947
214 0.0344887
215 0.0344841
216 0.0344781
217 0.0344728
218 0.0344672
219 0.0344618
220 0.0344558
221 0.0344507
222 0.0344448
223 0.0344397
224 0.0344339
225 0.0344278
226 0.0344227
227 0.0344169
228 0.0344122
229 0.0344061
230 0.0344002
231 0.0343947
232 0.0343892
233 0.0343838
234 0.0343781
235 0.0343726
236 0.0343671
237 0.0343613
238 0.0343555
239 0.0343498
240 0.0343444
241 0.0343382
242 0.0343331
243 0.0343275
244 0.0343218
245 0.0343159
246 0.0343099
247 0.0343038
248 0.0342976
249 0.0342936
250 0.034289
251 0.0342831
252 0.0342776
253 0.0342719
254 0.0342666
255 0.0342605
256 0.0342542
257 0.0342484
258 0.0342424
259 0.0342373
260 0.0342319
261 0.034227
262 0.034222
263 0.0342167
264 0.0342111
265 0.0342051
266 0.0342003
267 0.0341962
268 0.0341901
269 0.0341845
270 0.0341782
271 0.0341726
272 0.0341667
273 0.0341609
274 0.034155
275 0.0341489
276 0.0341431
277 0.0341385
278 0.0341328
279 0.0341267
280 0.0341218
281 0.0341168
282 0.034111
283 0.0341049
284 0.0340992
285 0.0340942
286 0.0340884
287 0.0340826
288 0.0340773
289 0.0340713
290 0.0340657
291 0.0340596
292 0.0340546
293 0.0340497
294 0.0340447
295 0.0340394
296 0.0340339
297 0.0340282
298 0.0340242
299 0.0340184
300 0.0340131
301 0.0340072
302 0.0340011
303 0.0339956
304 0.0339898
305 0.0339841
306 0.0339789
307 0.0339735
308 0.0339672
309 0.0339615
310 0.033956
311 0.0339506
312 0.0339449
313 0.0339392
314 0.0339333
315 0.0339278
316 0.0339226
317 0.0339169
318 0.0339113
319 0.0339056
320 0.0339005
321 0.0338946
322 0.0338889
323 0.0338838
324 0.0338787
325 0.0338739
326 0.0338688
327 0.0338636
328 0.0338575
329 0.0338515
330 0.0338471
331 0.0338411
332 0.0338356
333 0.03383
334 0.0338248
335 0.0338193
336 0.0338133
337 0.0338079
338 0.0338024
339 0.0337967
340 0.033792
341 0.0337866
342 0.0337806
343 0.0337749
344 0.0337698
345 0.0337644
346 0.0337596
347 0.0337538
348 0.0337486
349 0.0337431
350 0.0337376
351 0.0337316
352 0.033726
353 0.0337205
354 0.0337147
355 0.0337104
356 0.0337051
357 0.0336993
358 0.0336939
359 0.0336882
360 0.0336828
361 0.0336779
362 0.0336729
363 0.0336682
364 0.0336626
365 0.0336567
366 0.0336515
367 0.0336463
368 0.0336416
369 0.0336355
370 0.0336298
371 0.0336246
372 0.0336187
373 0.0336139
374 0.0336084
375 0.0336024
376 0.0335973
377 0.0335924
378 0.0335878
379 0.033582
380 0.0335768
381 0.0335721
382 0.0335672
383 0.0335624
384 0.0335569
385 0.0335521
386 0.0335467
387 0.0335409
388 0.0335354
389 0.0335299
390 0.0335246
391 0.0335187
392 0.0335133
393 0.0335077
394 0.0335018
395 0.0334958
396 0.0334918
397 0.0334863
398 0.0334818
399 0.0334765
400 0.0334708
401 0.0334647
402 0.033459
403 0.033454
404 0.0334489
405 0.0334432
406 0.0334375
407 0.0334321
408 0.0334262
409 0.0334212
410 0.0334165
411 0.0334117
412 0.0334065
413 0.0334011
414 0.0333961
415 0.0333914
416 0.0333857
417 0.0333797
418 0.0333746
419 0.0333692
420 0.0333633
421 0.0333572
422 0.0333516
423 0.0333463
424 0.0333415
425 0.033336
426 0.0333301
427 0.0333255
428 0.0333195
429 0.0333142
430 0.0333087
431 0.0333028
432 0.0332968
433 0.0332912
434 0.0332859
435 0.0332805
436 0.0332747
437 0.033269
438 0.0332634
439 0.0332578
440 0.0332529
441 0.033247
442 0.033242
443 0.0332359
444 0.03323
445 0.0332252
446 0.03322
447 0.0332147
448 0.0332093
449 0.033204
450 0.0331989
451 0.0331931
452 0.0331872
453 0.0331814
454 0.0331754
455 0.0331699
456 0.0331642
457 0.0331582
458 0.033153
459 0.0331483
460 0.0331422
461 0.0331365
462 0.0331306
463 0.0331248
464 0.0331198
465 0.0331144
466 0.0331089
467 0.0331039
468 0.0330981
469 0.0330928
470 0.0330882
471 0.0330827
472 0.0330774
473 0.0330713
474 0.0330662
475 0.0330611
476 0.0330563
477 0.0330508
478 0.0330451
479 0.0330397
480 0.0330349
481 0.0330294
482 0.0330239
483 0.0330181
484 0.0330132
485 0.0330077
486 0.0330021
487 0.0329968
488 0.0329913
489 0.0329856
490 0.0329801
491 0.032975
492 0.0329701
493 0.0329645
494 0.0329589
495 0.0329534
496 0.0329477
497 0.032942
498 0.0329366
499 0.0329313
500 0.0329258
501 0.0329204
502 0.0329156
503 0.0329102
504 0.032905
505 0.0328993
506 0.032894
507 0.0328884
508 0.0328837
509 0.0328783
510 0.0328729
511 0.0328669
512 0.0328614
513 0.0328554
514 0.0328505
515 0.0328454
516 0.0328399
517 0.0328343
518 0.0328293
519 0.0328235
520 0.0328179
521 0.0328123
522 0.0328068
523 0.0328009
524 0.0327951
525 0.0327906
526 0.0327855
527 0.0327805
528 0.0327753
529 0.0327697
530 0.0327644
531 0.0327587
532 0.0327539
533 0.0327489
534 0.0327431
535 0.0327376
536 0.0327327
537 0.0327285
538 0.0327238
539 0.0327187
540 0.032714
541 0.0327093
542 0.0327038
543 0.0326978
544 0.0326923
545 0.0326868
546 0.0326817
547 0.0326761
548 0.0326719
549 0.0326667
550 0.0326613
551 0.0326558
552 0.0326503
553 0.0326447
554 0.0326391
555 0.0326336
556 0.0326281
557 0.0326227
558 0.0326173
559 0.0326124
560 0.0326068
561 0.0326009
562 0.0325955
563 0.0325904
564 0.032585
565 0.03258
566 0.0325749
567 0.0325702
568 0.0325647
569 0.0325592
570 0.0325542
571 0.032549
572 0.0325441
573 0.0325396
574 0.0325341
575 0.0325285
576 0.0325227
577 0.0325174
578 0.0325127
579 0.032507
580 0.0325026
581 0.0324972
582 0.0324923
583 0.0324879
584 0.0324823
585 0.0324772
586 0.0324718
587 0.0324664
588 0.0324608
589 0.032456
590 0.0324505
591 0.0324447
592 0.0324393
593 0.0324341
594 0.032429
595 0.0324235
596 0.0324176
597 0.0324131
598 0.0324076
599 0.0324019
600 0.0323964
601 0.0323912
602 0.032386
603 0.0323805
604 0.0323753
605 0.0323707
606 0.0323652
607 0.0323595
608 0.0323544
609 0.032349
610 0.0323434
611 0.0323376
612 0.032332
613 0.0323272
614 0.0323222
615 0.0323165
616 0.0323111
617 0.0323058
618 0.0323001
619 0.0322951
620 0.0322897
621 0.0322842
622 0.0322791
623 0.0322743
624 0.0322688
625 0.032263
626 0.0322574
627 0.0322525
628 0.0322473
629 0.0322418
630 0.0322366
631 0.0322311
632 0.0322261
633 0.0322211
634 0.0322164
635 0.032211
636 0.032205
637 0.0321992
638 0.0321936
639 0.0321888
640 0.0321833
641 0.0321775
642 0.0321716
643 0.0321661
644 0.0321606
645 0.032155
646 0.0321499
647 0.0321443
648 0.0321387
649 0.0321336
650 0.0321284
651 0.0321225
652 0.0321171
653 0.0321123
654 0.0321077
655 0.0321022
656 0.0320971
657 0.032092
658 0.0320865
659 0.0320809
660 0.0320758
661 0.0320707
662 0.0320655
663 0.0320604
664 0.0320556
665 0.0320502
666 0.0320453
667 0.03204
668 0.0320346
669 0.0320288
670 0.0320234
671 0.0320181
672 0.0320129
673 0.0320076
674 0.032002
675 0.0319963
676 0.0319914
677 0.0319877
678 0.0319824
679 0.0319776
680 0.031972
681 0.031967
682 0.0319626
683 0.031957
684 0.0319521
685 0.0319468
686 0.0319412
687 0.0319357
688 0.0319299
689 0.0319246
690 0.031919
691 0.0319137
692 0.0319085
693 0.0319033
694 0.031898
695 0.0318931
696 0.0318878
697 0.031882
698 0.0318765
699 0.0318714
700 0.0318658
701 0.0318617
702 0.0318558
703 0.0318505
704 0.031845
705 0.0318402
706 0.0318356
707 0.0318306
708 0.0318255
709 0.0318205
710 0.0318151
711 0.0318095
712 0.0318039
713 0.0317985
714 0.0317939
715 0.0317886
716 0.0317835
717 0.0317783
718 0.0317731
719 0.0317681
720 0.0317631
721 0.0317578
722 0.0317526
723 0.0317476
724 0.0317417
725 0.0317369
726 0.0317311
727 0.0317265
728 0.0317217
729 0.0317173
730 0.0317117
731 0.0317066
732 0.031702
733 0.0316969
734 0.0316913
735 0.031686
736 0.0316808
737 0.0316754
738 0.0316706
739 0.0316651
740 0.0316596
741 0.031654
742 0.0316505
743 0.0316456
744 0.0316397
745 0.0316341
746 0.0316283
747 0.0316226
748 0.0316169
749 0.0316114
750 0.0316064
751 0.0316013
752 0.0315967
753 0.0315911
754 0.0315857
755 0.0315806
756 0.0315756
757 0.0315699
758 0.0315644
759 0.0315592
760 0.031554
761 0.0315488
762 0.0315433
763 0.0315377
764 0.0315323
765 0.0315266
766 0.0315221
767 0.0315168
768 0.0315119
769 0.0315063
770 0.0315008
771 0.031496
772 0.0314909
773 0.0314853
774 0.0314802
775 0.031475
776 0.0314702
777 0.0314647
778 0.0314594
779 0.0314535
780 0.0314481
781 0.0314428
782 0.031439
783 0.0314342
784 0.0314287
785 0.031423
786 0.0314184
787 0.0314131
788 0.0314075
789 0.0314029
790 0.0313972
791 0.0313919
792 0.0313867
793 0.0313812
794 0.0313763
795 0.0313706
796 0.031365
797 0.031361
798 0.0313565
799 0.0313515
800 0.0313463
801 0.0313407
802 0.0313353
803 0.0313303
804 0.0313246
805 0.0313196
806 0.0313139
807 0.0313083
808 0.0313028
809 0.0312977
810 0.0312925
811 0.0312876
812 0.031283
813 0.0312777
814 0.0312724
815 0.0312675
816 0.0312626
817 0.0312581
818 0.0312527
819 0.0312474
820 0.0312427
821 0.0312378
822 0.0312325
823 0.0312267
824 0.031221
825 0.0312157
826 0.0312104
827 0.0312049
828 0.0311993
829 0.031194
830 0.0311889
831 0.0311836
832 0.0311788
833 0.0311738
834 0.0311684
835 0.0311637
836 0.031159
837 0.031154
838 0.0311483
839 0.0311429
840 0.0311373
841 0.0311326
842 0.031127
843 0.0311218
844 0.0311169
845 0.0311118
846 0.0311062
847 0.031101
848 0.0310957
849 0.03109
850 0.0310847
851 0.0310795
852 0.0310749
853 0.0310692
854 0.0310642
855 0.031059
856 0.0310544
857 0.031049
858 0.0310436
859 0.0310378
860 0.031033
861 0.0310281
862 0.0310236
863 0.0310186
864 0.0310131
865 0.0310072
866 0.0310019
867 0.0309986
868 0.030993
869 0.0309876
870 0.0309822
871 0.0309771
872 0.030972
873 0.0309674
874 0.0309621
875 0.0309565
876 0.030951
877 0.0309461
878 0.0309406
879 0.0309353
880 0.0309309
881 0.0309262
882 0.0309209
883 0.0309162
884 0.0309118
885 0.0309074
886 0.0309017
887 0.0308971
888 0.030892
889 0.0308866
890 0.0308812
891 0.0308759
892 0.030871
893 0.0308655
894 0.0308605
895 0.0308554
896 0.0308502
897 0.0308447
898 0.0308399
899 0.0308352
900 0.0308298
901 0.0308248
902 0.0308195
903 0.0308146
904 0.0308097
905 0.0308063
906 0.0308013
907 0.0307965
908 0.0307914
909 0.0307865
910 0.0307818
911 0.0307763
912 0.0307711
913 0.0307663
914 0.030762
915 0.0307568
916 0.0307525
917 0.0307484
918 0.0307433
919 0.0307381
920 0.0307325
921 0.0307279
922 0.0307227
923 0.0307178
924 0.0307123
925 0.0307075
926 0.0307025
927 0.0306975
928 0.0306918
929 0.0306866
930 0.0306813
931 0.0306764
932 0.0306712
933 0.0306659
934 0.0306607
935 0.0306554
936 0.0306502
937 0.0306451
938 0.0306401
939 0.0306347
940 0.0306294
941 0.0306261
942 0.0306206
943 0.0306156
944 0.0306103
945 0.0306052
946 0.0305998
947 0.0305945
948 0.0305893
949 0.0305837
950 0.0305784
951 0.0305731
952 0.0305681
953 0.030563
954 0.0305582
955 0.0305529
956 0.0305479
957 0.0305431
958 0.0305378
959 0.0305328
960 0.0305276
961 0.0305225
962 0.0305181
963 0.0305129
964 0.0305073
965 0.0305023
966 0.030497
967 0.0304926
968 0.0304878
969 0.0304823
970 0.0304771
971 0.0304722
972 0.0304673
973 0.0304619
974 0.0304572
975 0.0304524
976 0.0304474
977 0.0304421
978 0.0304369
979 0.0304317
980 0.0304266
981 0.0304216
982 0.0304168
983 0.0304118
984 0.0304069
985 0.030402
986 0.0303968
987 0.0303926
988 0.0303879
989 0.0303828
990 0.0303786
991 0.030373
992 0.0303681
993 0.0303629
994 0.0303591
995 0.0303539
996 0.0303489
997 0.0303448
998 0.0303395
999 0.0303344
