0 0.0357143
0 0.035714
1 0.0357145
2 0.0357096
3 0.0357085
4 0.0357089
5 0.0357036
6 0.0357019
7 0.0357014
8 0.0357012
9 0.0357006
10 0.0356973
11 0.0356945
12 0.035692
13 0.0356947
14 0.0356951
15 0.0356934
16 0.0356904
17 0.0356921
18 0.0356932
19 0.0356923
20 0.0356933
21 0.0356906
22 0.0356851
23 0.0356841
24 0.0356795
25 0.0356753
26 0.0356735
27 0.0356752
28 0.0356744
29 0.0356763
30 0.0356722
31 0.0356731
32 0.0356705
33 0.0356687
34 0.0356654
35 0.0356643
36 0.0356627
37 0.0356616
38 0.0356606
39 0.0356578
40 0.0356558
41 0.035651
42 0.0356469
43 0.035644
44 0.0356422
45 0.0356407
46 0.0356415
47 0.0356401
48 0.0356392
49 0.03564
50 0.0356385
51 0.0356376
52 0.0356372
53 0.0356352
54 0.0356327
55 0.0356291
56 0.0356286
57 0.0356282
58 0.0356241
59 0.0356204
60 0.0356217
61 0.0356223
62 0.035622
63 0.0356202
64 0.0356194
65 0.0356188
66 0.0356139
67 0.0356091
68 0.0356066
69 0.0356063
70 0.035607
71 0.0356039
72 0.0356014
73 0.035599
74 0.035595
75 0.0355972
76 0.0355957
77 0.0355924
78 0.0355886
79 0.0355853
80 0.0355823
81 0.0355786
82 0.0355773
83 0.0355751
84 0.0355726
85 0.0355701
86 0.0355692
87 0.0355681
88 0.0355651
89 0.0355635
90 0.0355599
91 0.0355582
92 0.0355547
93 0.035555
94 0.0355548
95 0.0355519
96 0.0355502
97 0.0355473
98 0.0355474
99 0.0355489
100 0.0355458
101 0.0355435
102 0.0355405
103 0.0355385
104 0.0355371
105 0.0355374
106 0.0355379
107 0.0355366
108 0.035537
109 0.0355372
110 0.0355374
111 0.0355347
112 0.0355354
113 0.0355319
114 0.0355322
115 0.0355283
116 0.0355262
117 0.0355244
118 0.0355227
119 0.0355223
120 0.0355173
121 0.0355151
122 0.0355135
123 0.0355134
124 0.0355111
125 0.0355077
126 0.0355076
127 0.0355046
128 0.035508
129 0.0355023
130 0.0355004
131 0.035501
132 0.0354963
133 0.0354929
134 0.0354949
135 0.0354971
136 0.0354962
137 0.0354972
138 0.035492
139 0.0354921
140 0.0354897
141 0.0354875
142 0.0354888
143 0.0354859
144 0.0354877
145 0.0354867
146 0.0354857
147 0.0354964
148 0.0354997
149 0.0354966
150 0.0354958
151 0.0354918
152 0.0354881
153 0.0354848
154 0.0354881
155 0.0354856
156 0.035481
157 0.0354828
158 0.0354823
159 0.0354781
160 0.0354778
161 0.0354757
162 0.0354751
163 0.0354727
164 0.0354692
165 0.035467
166 0.035464
167 0.0354651
168 0.0354636
169 0.035461
170 0.0354605
171 0.0354566
172 0.035455
173 0.0354528
174 0.0354492
175 0.0354492
176 0.0354474
177 0.0354442
178 0.0354395
179 0.03544
180 0.0354356
181 0.0354336
182 0.0354315
183 0.0354277
184 0.0354248
185 0.0354222
186 0.0354209
187 0.0354184
188 0.035413
189 0.0354088
190 0.0354041
191 0.0354016
192 0.0353963
193 0.0353957
194 0.0353955
195 0.0353976
196 0.0353951
197 0.0353927
198 0.0353898
199 0.0353881
200 0.0353854
201 0.0353812
202 0.035378
203 0.0353773
204 0.0353818
205 0.0353783
206 0.0353778
207 0.0353816
208 0.0353846
209 0.0353793
210 0.0353788
211 0.0353758
212 0.035375
213 0.0353743
214 0.0353679
215 0.0353657
216 0.0353644
217 0.0353621
218 0.0353607
219 0.0353584
220 0.0353601
221 0.0353622
222 0.0353585
223 0.0353548
224 0.035357
225 0.0353572
226 0.0353561
227 0.0353539
228 0.0353548
229 0.0353543
230 0.0353534
231 0.0353497
232 0.0353582
233 0.0353536
234 0.0353504
235 0.0353482
236 0.0353488
237 0.0353506
238 0.0353481
239 0.0353476
240 0.0353459
241 0.0353438
242 0.0353414
243 0.0353364
244 0.0353416
245 0.0353408
246 0.0353399
247 0.0353371
248 0.0353321
249 0.0353368
250 0.0353339
251 0.0353298
252 0.0353276
253 0.0353267
254 0.0353224
255 0.0353197
256 0.0353149
257 0.0353122
258 0.0353093
259 0.035312
260 0.0353113
261 0.0353089
262 0.0353061
263 0.0353058
264 0.0353041
265 0.0353016
266 0.0353032
267 0.0353087
268 0.03531
269 0.0353104
270 0.0353096
271 0.0353078
272 0.035308
273 0.0353105
274 0.035308
275 0.0353084
276 0.0353071
277 0.0353069
278 0.0353056
279 0.035301
280 0.0352973
281 0.0352945
282 0.0352948
283 0.0352939
284 0.0352927
285 0.0352983
286 0.0352945
287 0.0352911
288 0.0352901
289 0.0352864
290 0.0352887
291 0.0352854
292 0.0352884
293 0.0352894
294 0.0352874
295 0.0352852
296 0.035284
297 0.0352856
298 0.0352832
299 0.0352784
300 0.0352752
301 0.0352708
302 0.0352685
303 0.0352686
304 0.0352663
305 0.035265
306 0.0352602
307 0.0352565
308 0.0352535
309 0.0352527
310 0.0352534
311 0.0352517
312 0.0352481
313 0.0352441
314 0.0352407
315 0.0352401
316 0.0352388
317 0.03524
318 0.0352358
319 0.0352338
320 0.0352329
321 0.0352326
322 0.0352287
323 0.035232
324 0.0352287
325 0.0352283
326 0.035228
327 0.0352273
328 0.0352234
329 0.0352246
330 0.0352312
331 0.0352286
332 0.0352267
333 0.0352306
334 0.0352308
335 0.0352269
336 0.0352241
337 0.0352197
338 0.0352145
339 0.0352093
340 0.0352118
341 0.0352081
342 0.0352037
343 0.0352004
344 0.0351983
345 0.0351993
346 0.0352026
347 0.0352004
348 0.0352006
349 0.0351992
350 0.0351995
351 0.0351965
352 0.0351937
353 0.0351914
354 0.0351879
355 0.0351951
356 0.0351962
357 0.0351959
358 0.0351949
359 0.0351923
360 0.0351924
361 0.0351898
362 0.0351892
363 0.035191
364 0.0351907
365 0.0351868
366 0.0351869
367 0.0351878
368 0.0351877
369 0.0351848
370 0.0351819
371 0.0351821
372 0.0351825
373 0.0351855
374 0.0351843
375 0.0351873
376 0.0351867
377 0.0351857
378 0.0351856
379 0.035181
380 0.0351812
381 0.0351778
382 0.035179
383 0.0351789
384 0.0351793
385 0.0351807
386 0.035181
387 0.035179
388 0.0351746
389 0.0351819
390 0.0351827
391 0.0351801
392 0.0351778
393 0.0351778
394 0.0351747
395 0.0351726
396 0.035171
397 0.035169
398 0.035168
399 0.0351662
400 0.0351621
401 0.035159
402 0.0351555
403 0.0351514
404 0.0351513
405 0.0351524
406 0.0351527
407 0.0351494
408 0.0351489
409 0.0351476
410 0.0351474
411 0.0351467
412 0.0351447
413 0.0351451
414 0.035147
415 0.0351452
416 0.0351439
417 0.0351422
418 0.035141
419 0.0351386
420 0.0351322
421 0.0351301
422 0.0351286
423 0.0351275
424 0.0351348
425 0.0351341
426 0.0351313
427 0.0351287
428 0.0351257
429 0.0351268
430 0.0351267
431 0.035123
432 0.0351189
433 0.0351168
434 0.0351169
435 0.0351153
436 0.03511
437 0.0351073
438 0.035106
439 0.0351042
440 0.0351022
441 0.0350988
442 0.0350994
443 0.0350988
444 0.0350967
445 0.0350968
446 0.0350931
447 0.0350916
448 0.0350894
449 0.0350867
450 0.0350848
451 0.035088
452 0.0350842
453 0.0350826
454 0.0350764
455 0.0350761
456 0.0350769
457 0.0350743
458 0.0350704
459 0.0350714
460 0.035067
461 0.0350635
462 0.0350621
463 0.0350629
464 0.0350574
465 0.0350541
466 0.0350504
467 0.0350482
468 0.0350468
469 0.0350449
470 0.0350452
471 0.0350457
472 0.0350499
473 0.0350456
474 0.0350445
475 0.0350428
476 0.0350422
477 0.0350402
478 0.0350404
479 0.0350408
480 0.0350409
481 0.0350371
482 0.035034
483 0.0350322
484 0.0350392
485 0.0350364
486 0.035033
487 0.0350323
488 0.0350277
489 0.0350256
490 0.03503
491 0.0350342
492 0.035031
493 0.035027
494 0.0350241
495 0.0350231
496 0.035023
497 0.0350204
498 0.035021
499 0.0350183
500 0.0350161
501 0.035017
502 0.0350172
503 0.0350145
504 0.0350102
505 0.0350041
506 0.0350028
507 0.0350007
508 0.0349978
509 0.0349963
510 0.0349934
511 0.0349934
512 0.0349922
513 0.0349924
514 0.0349916
515 0.034993
516 0.0349892
517 0.0349885
518 0.0349877
519 0.0349828
520 0.0349786
521 0.034979
522 0.0349799
523 0.0349785
524 0.034974
525 0.0349726
526 0.0349709
527 0.0349664
528 0.0349648
529 0.034968
530 0.0349683
531 0.0349707
532 0.0349669
533 0.0349697
534 0.0349682
535 0.0349658
536 0.0349671
537 0.0349682
538 0.0349701
539 0.0349716
540 0.0349709
541 0.0349717
542 0.0349708
543 0.0349683
544 0.0349664
545 0.0349643
546 0.0349648
547 0.0349646
548 0.0349613
549 0.034959
550 0.0349614
551 0.0349571
552 0.0349542
553 0.0349529
554 0.0349525
555 0.0349513
556 0.0349502
557 0.0349478
558 0.0349458
559 0.0349466
560 0.0349434
561 0.0349398
562 0.0349376
563 0.0349346
564 0.0349307
565 0.0349269
566 0.0349277
567 0.0349266
568 0.0349232
569 0.0349235
570 0.0349205
571 0.0349214
572 0.0349232
573 0.0349203
574 0.0349161
575 0.0349134
576 0.0349103
577 0.0349075
578 0.0349099
579 0.0349062
580 0.0349077
581 0.0349063
582 0.0349034
583 0.0349019
584 0.0349039
585 0.0349007
586 0.0348979
587 0.0348971
588 0.0348986
589 0.0349014
590 0.0348984
591 0.0348971
592 0.0348923
593 0.0348904
594 0.0348858
595 0.0348849
596 0.0348825
597 0.0348826
598 0.0348783
599 0.0348781
600 0.0348808
601 0.0348778
602 0.0348763
603 0.0348738
604 0.0348731
605 0.0348691
606 0.0348704
607 0.0348696
608 0.0348688
609 0.0348681
610 0.034867
611 0.0348647
612 0.0348613
613 0.0348581
614 0.0348593
615 0.0348548
616 0.0348519
617 0.0348514
618 0.0348509
619 0.0348462
620 0.0348419
621 0.0348397
622 0.034838
623 0.0348362
624 0.0348366
625 0.034836
626 0.0348318
627 0.0348259
628 0.0348271
629 0.034824
630 0.0348217
631 0.0348211
632 0.034821
633 0.0348215
634 0.0348197
635 0.0348171
636 0.0348188
637 0.0348167
638 0.0348142
639 0.0348091
640 0.0348063
641 0.034804
642 0.0348007
643 0.0347998
644 0.0347996
645 0.0347992
646 0.0347952
647 0.034797
648 0.0347951
649 0.0347937
650 0.0347913
651 0.0347885
652 0.0347893
653 0.0347901
654 0.0347871
655 0.0347857
656 0.0347828
657 0.0347825
658 0.0347798
659 0.0347785
660 0.0347763
661 0.0347759
662 0.0347748
663 0.0347727
664 0.0347698
665 0.0347639
666 0.0347602
667 0.0347543
668 0.034749
669 0.0347452
670 0.0347423
671 0.0347401
672 0.0347391
673 0.034737
674 0.0347345
675 0.0347319
676 0.0347301
677 0.0347289
678 0.0347314
679 0.0347281
680 0.0347241
681 0.0347197
682 0.0347191
683 0.0347233
684 0.034723
685 0.0347197
686 0.0347177
687 0.0347181
688 0.0347189
689 0.0347152
690 0.034711
691 0.0347079
692 0.0347072
693 0.0347072
694 0.0347074
695 0.0347029
696 0.0346971
697 0.0346945
698 0.0346918
699 0.0346907
700 0.0346921
701 0.0346939
702 0.034694
703 0.0346898
704 0.0346918
705 0.0346916
706 0.0346903
707 0.034688
708 0.0346899
709 0.0346894
710 0.0346897
711 0.0346901
712 0.0346874
713 0.0346843
714 0.034681
715 0.0346811
716 0.0346804
717 0.0346753
718 0.0346744
719 0.0346686
720 0.034664
721 0.0346605
722 0.0346592
723 0.0346546
724 0.0346531
725 0.0346558
726 0.0346504
727 0.0346523
728 0.034649
729 0.0346446
730 0.0346432
731 0.0346434
732 0.0346445
733 0.0346413
734 0.0346411
735 0.0346372
736 0.0346385
737 0.0346323
738 0.0346342
739 0.0346318
740 0.0346289
741 0.034626
742 0.0346248
743 0.0346268
744 0.0346235
745 0.0346236
746 0.0346209
747 0.0346177
748 0.0346145
749 0.0346119
750 0.0346126
751 0.0346116
752 0.0346136
753 0.034612
754 0.0346125
755 0.0346107
756 0.0346059
757 0.0346009
758 0.034596
759 0.0345951
760 0.034591
761 0.0345882
762 0.0345859
763 0.0345825
764 0.0345812
765 0.0345781
766 0.0345739
767 0.0345717
768 0.0345677
769 0.0345661
770 0.034564
771 0.0345587
772 0.0345554
773 0.034555
774 0.0345561
775 0.0345529
776 0.0345517
777 0.0345484
778 0.034547
779 0.0345447
780 0.0345406
781 0.0345368
782 0.034546
783 0.0345452
784 0.0345415
785 0.0345437
786 0.0345386
787 0.0345391
788 0.0345372
789 0.0345351
790 0.0345371
791 0.0345367
792 0.0345365
793 0.0345349
794 0.0345335
795 0.0345321
796 0.0345323
797 0.0345296
798 0.0345282
799 0.0345263
800 0.0345214
801 0.0345189
802 0.0345154
803 0.0345178
804 0.0345129
805 0.0345129
806 0.0345153
807 0.0345134
808 0.0345108
809 0.0345093
810 0.0345059
811 0.0345027
812 0.0344965
813 0.0344955
814 0.0344928
815 0.0344927
816 0.0344882
817 0.0344869
818 0.0344831
819 0.0344812
820 0.0344821
821 0.0344799
822 0.0344758
823 0.0344709
824 0.034471
825 0.0344662
826 0.0344651
827 0.0344656
828 0.0344619
829 0.034457
830 0.0344536
831 0.0344509
832 0.0344493
833 0.0344524
834 0.0344485
835 0.0344454
836 0.0344402
837 0.0344379
838 0.0344335
839 0.0344308
840 0.0344265
841 0.0344266
842 0.0344216
843 0.0344207
844 0.034418
845 0.0344157
846 0.0344127
847 0.034412
848 0.034411
849 0.0344062
850 0.0344094
851 0.0344044
852 0.0344
853 0.0343985
854 0.0343948
855 0.0343915
856 0.0343907
857 0.03439
858 0.0343938
859 0.0343894
860 0.0343848
861 0.0343821
862 0.0343837
863 0.0343857
864 0.0343823
865 0.0343802
866 0.0343793
867 0.0343774
868 0.0343731
869 0.0343697
870 0.0343663
871 0.0343645
872 0.0343606
873 0.0343562
874 0.034352
875 0.0343484
876 0.0343444
877 0.0343418
878 0.0343402
879 0.0343384
880 0.0343405
881 0.0343415
882 0.0343438
883 0.0343459
884 0.0343419
885 0.0343409
886 0.0343382
887 0.0343369
888 0.0343351
889 0.0343332
890 0.0343299
891 0.0343318
892 0.0343361
893 0.0343329
894 0.0343288
895 0.0343275
896 0.0343265
897 0.0343252
898 0.0343228
899 0.0343222
900 0.0343221
901 0.0343226
902 0.0343173
903 0.0343168
904 0.0343171
905 0.0343152
906 0.034314
907 0.0343118
908 0.0343057
909 0.0343062
910 0.0343037
911 0.034299
912 0.0342985
913 0.0342951
914 0.0342943
915 0.0342909
916 0.0342885
917 0.034283
918 0.0342838
919 0.0342803
920 0.034278
921 0.0342774
922 0.034277
923 0.0342749
924 0.034272
925 0.0342712
926 0.0342677
927 0.0342639
928 0.034259
929 0.0342539
930 0.0342519
931 0.034248
932 0.0342489
933 0.0342506
934 0.0342536
935 0.0342521
936 0.0342556
937 0.0342508
938 0.0342535
939 0.0342532
940 0.0342491
941 0.0342487
942 0.0342481
943 0.0342429
944 0.0342386
945 0.0342376
946 0.0342364
947 0.0342343
948 0.0342362
949 0.0342301
950 0.0342294
951 0.0342271
952 0.0342256
953 0.0342235
954 0.0342228
955 0.0342232
956 0.034229
957 0.0342267
958 0.0342248
959 0.0342238
960 0.0342206
961 0.0342171
962 0.034215
963 0.0342135
964 0.0342111
965 0.0342089
966 0.0342082
967 0.034207
968 0.034204
969 0.0342018
970 0.0342031
971 0.0341992
972 0.0341962
973 0.034196
974 0.0341921
975 0.0341906
976 0.0341849
977 0.0341811
978 0.0341766
979 0.034176
980 0.0341786
981 0.0341742
982 0.0341757
983 0.0341732
984 0.0341728
985 0.0341723
986 0.0341701
987 0.0341655
988 0.0341648
989 0.0341648
990 0.0341617
991 0.0341592
992 0.0341571
993 0.0341565
994 0.0341588
995 0.034157
996 0.0341595
997 0.0341576
998 0.0341562
999 0.0341553
