0 0.0357143
0 0.0357144
1 0.0357123
2 0.035712
3 0.0357148
4 0.0357168
5 0.0357207
6 0.0357178
7 0.035723
8 0.0357263
9 0.0357307
10 0.0357301
11 0.0357287
12 0.0357272
13 0.0357282
14 0.0357305
15 0.0357313
16 0.0357359
17 0.0357396
18 0.0357395
19 0.035741
20 0.035744
21 0.0357449
22 0.0357438
23 0.0357475
24 0.0357499
25 0.0357541
26 0.0357522
27 0.0357527
28 0.0357531
29 0.0357527
30 0.0357508
31 0.0357579
32 0.0357585
33 0.0357547
34 0.0357547
35 0.0357553
36 0.0357576
37 0.0357547
38 0.0357563
39 0.0357546
40 0.0357557
41 0.0357545
42 0.0357539
43 0.0357556
44 0.0357585
45 0.0357549
46 0.0357531
47 0.035753
48 0.035755
49 0.0357547
50 0.0357557
51 0.0357548
52 0.0357569
53 0.0357541
54 0.0357525
55 0.0357512
56 0.0357486
57 0.0357486
58 0.0357481
59 0.0357454
60 0.0357491
61 0.0357535
62 0.0357532
63 0.0357541
64 0.0357558
65 0.0357533
66 0.0357522
67 0.0357527
68 0.0357527
69 0.0357527
70 0.0357536
71 0.0357553
72 0.035756
73 0.0357532
74 0.0357514
75 0.0357473
76 0.0357469
77 0.0357462
78 0.0357475
79 0.0357471
80 0.0357445
81 0.0357408
82 0.0357409
83 0.035747
84 0.0357488
85 0.0357485
86 0.0357502
87 0.0357486
88 0.0357484
89 0.035749
90 0.0357474
91 0.0357476
92 0.0357473
93 0.0357469
94 0.0357461
95 0.0357463
96 0.0357474
97 0.0357448
98 0.0357434
99 0.0357432
100 0.0357463
101 0.0357458
102 0.0357441
103 0.0357457
104 0.035743
105 0.0357413
106 0.03574
107 0.0357394
108 0.0357407
109 0.0357434
110 0.0357433
111 0.0357427
112 0.0357465
113 0.0357502
114 0.0357512
115 0.0357516
116 0.035757
117 0.0357604
118 0.0357621
119 0.0357609
120 0.0357585
121 0.035764
122 0.0357652
123 0.0357638
124 0.0357628
125 0.0357628
126 0.0357619
127 0.0357609
128 0.0357606
129 0.0357648
130 0.0357613
131 0.0357658
132 0.0357656
133 0.0357632
134 0.0357627
135 0.0357639
136 0.0357645
137 0.0357609
138 0.0357624
139 0.0357632
140 0.0357612
141 0.0357607
142 0.0357594
143 0.0357567
144 0.0357625
145 0.0357632
146 0.0357613
147 0.0357603
148 0.0357609
149 0.0357612
150 0.0357611
151 0.0357629
152 0.0357593
153 0.0357587
154 0.0357614
155 0.0357605
156 0.0357607
157 0.0357614
158 0.0357616
159 0.0357668
160 0.0357662
161 0.0357721
162 0.0357713
163 0.0357741
164 0.0357816
165 0.035786
166 0.035787
167 0.0357862
168 0.035791
169 0.0357894
170 0.0357885
171 0.0357913
172 0.0357943
173 0.0357964
174 0.0357973
175 0.0357973
176 0.0357996
177 0.0358019
178 0.0358006
179 0.0358001
180 0.0357998
181 0.0357998
182 0.0357982
183 0.0357978
184 0.0357981
185 0.0357993
186 0.0358004
187 0.0358004
188 0.0357982
189 0.0358008
190 0.0358021
191 0.0358001
192 0.0358044
193 0.0358082
194 0.0358089
195 0.0358103
196 0.0358125
197 0.0358141
198 0.0358159
199 0.0358199
200 0.0358162
201 0.035814
202 0.0358122
203 0.0358092
204 0.0358063
205 0.0358027
206 0.0358021
207 0.0358022
208 0.0358025
209 0.0358012
210 0.0358028
211 0.0358
212 0.0358035
213 0.0358009
214 0.0357998
215 0.0358017
216 0.0358038
217 0.0358007
218 0.0357989
219 0.0357984
220 0.0357964
221 0.0357968
222 0.0357985
223 0.0357961
224 0.0357991
225 0.0358024
226 0.0358013
227 0.0358026
228 0.0358023
229 0.0358021
230 0.0358071
231 0.035807
232 0.0358045
233 0.0358026
234 0.0358007
235 0.0358047
236 0.0358031
237 0.0358063
238 0.0358111
239 0.0358126
240 0.0358113
241 0.0358116
242 0.0358124
243 0.035815
244 0.0358159
245 0.0358298
246 0.0358274
247 0.0358308
248 0.0358284
249 0.0358299
250 0.0358287
251 0.0358302
252 0.0358298
253 0.0358322
254 0.0358279
255 0.0358343
256 0.0358348
257 0.0358322
258 0.035837
259 0.0358412
260 0.035843
261 0.0358421
262 0.0358499
263 0.0358539
264 0.03585
265 0.0358503
266 0.0358486
267 0.0358459
268 0.0358496
269 0.0358515
270 0.0358495
271 0.0358503
272 0.0358479
273 0.0358472
274 0.0358469
275 0.0358522
276 0.0358489
277 0.0358446
278 0.0358455
279 0.035846
280 0.0358469
281 0.035846
282 0.0358469
283 0.0358499
284 0.0358511
285 0.0358517
286 0.0358489
287 0.0358489
288 0.0358472
289 0.0358478
290 0.0358499
291 0.0358545
292 0.0358519
293 0.0358506
294 0.0358541
295 0.0358551
296 0.0358565
297 0.0358553
298 0.035853
299 0.0358542
300 0.035853
301 0.0358595
302 0.0358581
303 0.0358566
304 0.0358566
305 0.0358545
306 0.0358573
307 0.0358559
308 0.0358572
309 0.0358546
310 0.0358608
311 0.0358628
312 0.0358598
313 0.0358578
314 0.0358621
315 0.0358619
316 0.0358617
317 0.0358574
318 0.0358548
319 0.0358571
320 0.0358549
321 0.0358552
322 0.0358581
323 0.0358582
324 0.0358546
325 0.0358539
326 0.0358529
327 0.0358536
328 0.0358557
329 0.0358575
330 0.0358532
331 0.0358542
332 0.0358515
333 0.0358482
334 0.0358496
335 0.035849
336 0.0358502
337 0.0358478
338 0.0358472
339 0.0358472
340 0.035845
341 0.0358469
342 0.0358449
343 0.0358466
344 0.0358438
345 0.0358413
346 0.0358426
347 0.0358399
348 0.035842
349 0.0358412
350 0.0358396
351 0.0358414
352 0.0358448
353 0.0358444
354 0.0358489
355 0.0358472
356 0.0358455
357 0.0358435
358 0.0358413
359 0.0358401
360 0.0358379
361 0.0358349
362 0.0358388
363 0.035838
364 0.0358395
365 0.0358388
366 0.0358362
367 0.0358374
368 0.0358351
369 0.0358368
370 0.035839
371 0.0358388
372 0.0358439
373 0.0358433
374 0.0358447
375 0.0358456
376 0.0358447
377 0.0358441
378 0.0358441
379 0.0358422
380 0.035838
381 0.0358382
382 0.0358398
383 0.0358428
384 0.0358407
385 0.0358394
386 0.0358459
387 0.0358503
388 0.0358495
389 0.0358464
390 0.0358494
391 0.0358495
392 0.035852
393 0.0358553
394 0.0358553
395 0.0358587
396 0.0358603
397 0.0358604
398 0.0358559
399 0.0358556
400 0.0358546
401 0.0358543
402 0.0358518
403 0.0358509
404 0.0358491
405 0.0358529
406 0.0358519
407 0.0358518
408 0.0358525
409 0.0358493
410 0.0358491
411 0.035848
412 0.0358465
413 0.0358418
414 0.0358432
415 0.0358434
416 0.03584
417 0.0358394
418 0.0358382
419 0.0358383
420 0.0358404
421 0.0358409
422 0.0358432
423 0.0358404
424 0.0358386
425 0.0358357
426 0.0358347
427 0.0358327
428 0.0358355
429 0.0358352
430 0.0358369
431 0.035837
432 0.035835
433 0.0358326
434 0.0358338
435 0.03583
436 0.0358353
437 0.0358364
438 0.0358359
439 0.0358352
440 0.0358332
441 0.0358369
442 0.0358348
443 0.0358371
444 0.0358371
445 0.0358346
446 0.0358334
447 0.0358349
448 0.0358352
449 0.0358362
450 0.0358369
451 0.0358364
452 0.0358339
453 0.0358341
454 0.0358359
455 0.0358352
456 0.0358375
457 0.0358383
458 0.0358414
459 0.0358377
460 0.0358426
461 0.0358448
462 0.035843
463 0.0358409
464 0.0358436
465 0.035847
466 0.0358462
467 0.0358459
468 0.0358468
469 0.0358451
470 0.03585
471 0.0358474
472 0.0358467
473 0.0358468
474 0.0358434
475 0.0358487
476 0.0358446
477 0.0358429
478 0.035845
479 0.0358479
480 0.0358511
481 0.0358485
482 0.0358444
483 0.0358441
484 0.0358404
485 0.0358393
486 0.0358371
487 0.0358372
488 0.0358381
489 0.035838
490 0.0358354
491 0.035834
492 0.0358327
493 0.0358382
494 0.0358361
495 0.0358362
496 0.0358362
497 0.0358359
498 0.0358363
499 0.0358446
500 0.0358394
501 0.0358402
502 0.0358457
503 0.035847
504 0.0358454
505 0.0358482
506 0.0358512
507 0.0358502
508 0.0358546
509 0.0358546
510 0.0358503
511 0.0358517
512 0.0358556
513 0.0358573
514 0.0358555
515 0.0358524
516 0.0358534
517 0.0358562
518 0.0358545
519 0.0358545
520 0.0358531
521 0.0358518
522 0.0358517
523 0.035852
524 0.0358532
525 0.0358563
526 0.0358544
527 0.0358561
528 0.0358561
529 0.0358573
530 0.0358545
531 0.0358529
532 0.035855
533 0.0358544
534 0.0358533
535 0.0358547
536 0.0358553
537 0.0358567
538 0.0358564
539 0.0358581
540 0.0358644
541 0.0358624
542 0.0358669
543 0.0358694
544 0.0358684
545 0.0358665
546 0.0358655
547 0.0358674
548 0.0358638
549 0.0358675
550 0.0358705
551 0.0358736
552 0.035874
553 0.0358717
554 0.0358735
555 0.0358735
556 0.0358738
557 0.0358743
558 0.0358731
559 0.0358739
560 0.0358734
561 0.035874
562 0.0358739
563 0.0358727
564 0.0358714
565 0.0358688
566 0.035866
567 0.0358651
568 0.0358641
569 0.0358613
570 0.0358637
571 0.0358628
572 0.0358625
573 0.0358608
574 0.0358571
575 0.0358608
576 0.0358599
577 0.0358574
578 0.0358581
579 0.0358582
580 0.0358566
581 0.0358555
582 0.0358545
583 0.0358548
584 0.0358533
585 0.0358575
586 0.0358594
587 0.0358586
588 0.0358588
589 0.0358579
590 0.0358569
591 0.0358553
592 0.035855
593 0.0358566
594 0.0358603
595 0.035864
596 0.0358645
597 0.0358666
598 0.0358669
599 0.0358635
600 0.0358636
601 0.0358628
602 0.0358641
603 0.0358641
604 0.0358621
605 0.0358613
606 0.0358644
607 0.0358663
608 0.0358649
609 0.0358651
610 0.0358639
611 0.0358615
612 0.0358609
613 0.0358656
614 0.0358622
615 0.0358664
616 0.0358672
617 0.0358687
618 0.0358696
619 0.0358716
620 0.035869
621 0.0358701
622 0.0358755
623 0.0358764
624 0.0358776
625 0.0358781
626 0.0358819
627 0.0358803
628 0.0358824
629 0.0358814
630 0.0358817
631 0.035882
632 0.0358826
633 0.0358836
634 0.0358828
635 0.035883
636 0.0358805
637 0.035882
638 0.0358845
639 0.0358834
640 0.0358827
641 0.0358825
642 0.0358872
643 0.0358851
644 0.0358825
645 0.0358805
646 0.0358791
647 0.0358801
648 0.0358821
649 0.0358806
650 0.0358822
651 0.0358836
652 0.0358844
653 0.0358874
654 0.0358867
655 0.0358881
656 0.0358876
657 0.0358853
658 0.0358862
659 0.0358925
660 0.0358954
661 0.0358927
662 0.0358903
663 0.0358924
664 0.0358915
665 0.0358877
666 0.035884
667 0.035886
668 0.0358888
669 0.0358905
670 0.0358908
671 0.0358876
672 0.0358915
673 0.03589
674 0.0358903
675 0.0358903
676 0.0358906
677 0.0358909
678 0.0358925
679 0.0358939
680 0.0358969
681 0.0358951
682 0.0358965
683 0.0358993
684 0.035899
685 0.0358982
686 0.0358979
687 0.0358975
688 0.0358951
689 0.0359026
690 0.0359021
691 0.035906
692 0.0359062
693 0.0359112
694 0.0359086
695 0.0359091
696 0.0359103
697 0.0359105
698 0.0359128
699 0.0359152
700 0.0359154
701 0.0359104
702 0.0359149
703 0.0359162
704 0.0359191
705 0.0359189
706 0.0359186
707 0.0359199
708 0.0359235
709 0.0359209
710 0.0359209
711 0.0359208
712 0.0359231
713 0.035921
714 0.0359225
715 0.0359235
716 0.0359259
717 0.0359247
718 0.0359249
719 0.0359262
720 0.0359225
721 0.0359261
722 0.0359245
723 0.035922
724 0.0359221
725 0.0359254
726 0.0359296
727 0.0359253
728 0.0359252
729 0.0359209
730 0.0359251
731 0.0359277
732 0.0359301
733 0.0359283
734 0.0359307
735 0.0359289
736 0.0359297
737 0.0359269
738 0.0359272
739 0.0359259
740 0.0359295
741 0.0359298
742 0.0359285
743 0.0359291
744 0.0359366
745 0.0359376
746 0.0359347
747 0.0359338
748 0.0359326
749 0.0359327
750 0.0359344
751 0.0359321
752 0.0359292
753 0.0359287
754 0.0359269
755 0.0359275
756 0.0359275
757 0.0359259
758 0.0359271
759 0.0359289
760 0.0359286
761 0.0359286
762 0.0359295
763 0.0359298
764 0.0359314
765 0.0359302
766 0.0359312
767 0.035931
768 0.0359318
769 0.0359284
770 0.0359272
771 0.035925
772 0.0359264
773 0.0359291
774 0.035927
775 0.0359227
776 0.0359237
777 0.0359259
778 0.0359269
779 0.0359247
780 0.0359253
781 0.0359262
782 0.0359227
783 0.0359211
784 0.0359224
785 0.0359194
786 0.0359211
787 0.0359209
788 0.0359169
789 0.0359168
790 0.0359173
791 0.0359154
792 0.0359134
793 0.0359174
794 0.0359147
795 0.0359151
796 0.0359115
797 0.0359106
798 0.0359112
799 0.03591
800 0.0359102
801 0.0359083
802 0.0359109
803 0.0359076
804 0.0359084
805 0.0359065
806 0.0359036
807 0.0359083
808 0.0359128
809 0.0359117
810 0.035908
811 0.0359094
812 0.0359118
813 0.0359118
814 0.0359098
815 0.0359143
816 0.0359138
817 0.0359118
818 0.0359127
819 0.0359178
820 0.0359189
821 0.0359201
822 0.0359209
823 0.0359213
824 0.0359231
825 0.0359193
826 0.0359204
827 0.0359228
828 0.035924
829 0.0359201
830 0.0359235
831 0.0359218
832 0.0359204
833 0.0359198
834 0.0359214
835 0.0359177
836 0.0359179
837 0.0359172
838 0.0359194
839 0.035919
840 0.0359199
841 0.0359216
842 0.0359254
843 0.0359232
844 0.0359214
845 0.0359276
846 0.0359268
847 0.0359276
848 0.0359294
849 0.0359284
850 0.0359287
851 0.0359257
852 0.0359229
853 0.0359241
854 0.0359228
855 0.0359208
856 0.0359174
857 0.0359172
858 0.0359138
859 0.035914
860 0.0359105
861 0.0359135
862 0.0359117
863 0.0359141
864 0.0359103
865 0.0359089
866 0.0359094
867 0.0359059
868 0.0359104
869 0.0359095
870 0.0359108
871 0.0359156
872 0.0359121
873 0.0359172
874 0.0359166
875 0.0359155
876 0.0359156
877 0.0359146
878 0.0359155
879 0.0359229
880 0.0359186
881 0.0359173
882 0.0359173
883 0.0359139
884 0.0359117
885 0.035913
886 0.0359102
887 0.0359152
888 0.0359168
889 0.0359144
890 0.0359178
891 0.0359198
892 0.035919
893 0.0359214
894 0.0359236
895 0.0359201
896 0.0359198
897 0.0359215
898 0.035925
899 0.0359223
900 0.0359247
901 0.0359288
902 0.0359272
903 0.0359247
904 0.0359237
905 0.0359211
906 0.0359242
907 0.0359244
908 0.0359241
909 0.0359222
910 0.035925
911 0.0359261
912 0.0359241
913 0.0359235
914 0.0359221
915 0.0359255
916 0.0359284
917 0.0359252
918 0.0359228
919 0.0359189
920 0.0359161
921 0.0359147
922 0.0359158
923 0.0359162
924 0.0359167
925 0.0359175
926 0.0359161
927 0.0359151
928 0.0359208
929 0.035919
930 0.0359163
931 0.0359147
932 0.0359155
933 0.0359157
934 0.0359151
935 0.0359109
936 0.0359085
937 0.0359062
938 0.0359078
939 0.0359127
940 0.0359135
941 0.0359118
942 0.0359115
943 0.0359082
944 0.0359043
945 0.0359034
946 0.0359061
947 0.035903
948 0.0359059
949 0.0359069
950 0.0359077
951 0.0359032
952 0.0359071
953 0.0359069
954 0.0359081
955 0.0359077
956 0.0359111
957 0.0359102
958 0.0359152
959 0.0359134
960 0.0359118
961 0.0359144
962 0.035914
963 0.0359143
964 0.035916
965 0.0359188
966 0.0359232
967 0.0359242
968 0.0359242
969 0.035924
970 0.0359239
971 0.0359246
972 0.0359242
973 0.0359283
974 0.0359249
975 0.0359274
976 0.0359264
977 0.0359241
978 0.0359233
979 0.035923
980 0.0359213
981 0.0359234
982 0.0359283
983 0.0359289
984 0.035928
985 0.0359266
986 0.035927
987 0.0359241
988 0.0359229
989 0.0359265
990 0.0359287
991 0.0359321
992 0.0359316
993 0.0359332
994 0.0359339
995 0.0359375
996 0.0359442
997 0.0359432
998 0.035944
999 0.0359446
