0 0.0357143
0 0.035727
1 0.0357349
2 0.035748
3 0.0357567
4 0.0357614
5 0.0357734
6 0.0357788
7 0.0357909
8 0.035791
9 0.0357943
10 0.0358048
11 0.0358117
12 0.0358249
13 0.0358384
14 0.0358492
15 0.0358527
16 0.0358575
17 0.035875
18 0.0358722
19 0.0358783
20 0.0358849
21 0.0358936
22 0.0359097
23 0.0359122
24 0.0359215
25 0.0359227
26 0.0359285
27 0.0359302
28 0.0359412
29 0.035952
30 0.0359552
31 0.0359724
32 0.0359827
33 0.0359907
34 0.0360104
35 0.0360138
36 0.0360141
37 0.0360234
38 0.0360321
39 0.0360339
40 0.0360384
41 0.03605
42 0.0360521
43 0.0360653
44 0.0360737
45 0.0360764
46 0.0360823
47 0.0361032
48 0.0361115
49 0.0361148
50 0.0361171
51 0.0361406
52 0.0361592
53 0.0361598
54 0.0361638
55 0.0361788
56 0.0361896
57 0.0361912
58 0.0362029
59 0.0362143
60 0.0362277
61 0.0362401
62 0.0362458
63 0.0362488
64 0.0362574
65 0.0362725
66 0.0362727
67 0.0362853
68 0.0363043
69 0.0363133
70 0.0363178
71 0.0363219
72 0.0363339
73 0.036341
74 0.0363519
75 0.0363533
76 0.0363585
77 0.0363608
78 0.0363664
79 0.0363784
80 0.0363917
81 0.0364083
82 0.0364182
83 0.0364345
84 0.0364445
85 0.0364646
86 0.0364768
87 0.0364931
88 0.0365058
89 0.036513
90 0.0365231
91 0.0365372
92 0.0365506
93 0.0365505
94 0.0365497
95 0.0365504
96 0.036551
97 0.0365559
98 0.036564
99 0.0365749
100 0.0365822
101 0.0366053
102 0.0366156
103 0.0366185
104 0.0366209
105 0.03663
106 0.0366312
107 0.0366396
108 0.0366457
109 0.0366491
110 0.0366553
111 0.0366674
112 0.0366777
113 0.0366781
114 0.0366791
115 0.0366814
116 0.0366935
117 0.0366929
118 0.0367047
119 0.0367151
120 0.0367288
121 0.0367376
122 0.0367522
123 0.0367672
124 0.0367793
125 0.0367785
126 0.0367895
127 0.0367989
128 0.0368084
129 0.0368166
130 0.0368208
131 0.0368257
132 0.0368301
133 0.0368355
134 0.0368603
135 0.0368635
136 0.0368729
137 0.0368844
138 0.036887
139 0.0369001
140 0.0369166
141 0.0369231
142 0.0369397
143 0.036951
144 0.0369536
145 0.0369625
146 0.0369773
147 0.0369813
148 0.0369848
149 0.0369945
150 0.0370149
151 0.0370251
152 0.0370255
153 0.037027
154 0.0370379
155 0.0370373
156 0.0370515
157 0.037049
158 0.0370581
159 0.0370676
160 0.0370771
161 0.0370844
162 0.0370985
163 0.037115
164 0.0371117
165 0.0371298
166 0.0371384
167 0.0371425
168 0.0371482
169 0.0371519
170 0.0371577
171 0.037171
172 0.0371711
173 0.0371831
174 0.0372012
175 0.0372173
176 0.0372265
177 0.0372511
178 0.03726
179 0.0372741
180 0.0372816
181 0.0372875
182 0.037306
183 0.0373165
184 0.0373259
185 0.0373357
186 0.037342
187 0.0373517
188 0.0373582
189 0.0373648
190 0.037375
191 0.037382
192 0.0374027
193 0.0374046
194 0.0374147
195 0.0374136
196 0.0374212
197 0.0374231
198 0.0374323
199 0.0374348
200 0.037449
201 0.0374616
202 0.0374726
203 0.0374926
204 0.0375006
205 0.0375137
206 0.0375222
207 0.0375251
208 0.0375292
209 0.0375444
210 0.0375601
211 0.0375694
212 0.037568
213 0.0375831
214 0.0375961
215 0.0375979
216 0.0376021
217 0.0376076
218 0.0376141
219 0.0376153
220 0.0376212
221 0.0376409
222 0.0376461
223 0.0376463
224 0.0376481
225 0.0376502
226 0.0376682
227 0.0376808
228 0.0376901
229 0.0376909
230 0.0376965
231 0.0377111
232 0.0377208
233 0.0377244
234 0.0377247
235 0.0377285
236 0.0377407
237 0.0377551
238 0.0377639
239 0.0377732
240 0.0377786
241 0.0377936
242 0.0378063
243 0.0378162
244 0.037818
245 0.0378303
246 0.0378467
247 0.0378525
248 0.0378621
249 0.0378657
250 0.037881
251 0.0378865
252 0.0378969
253 0.0379116
254 0.0379211
255 0.0379403
256 0.0379371
257 0.0379359
258 0.037945
259 0.0379495
260 0.0379621
261 0.0379574
262 0.037961
263 0.0379607
264 0.0379733
265 0.0379833
266 0.037995
267 0.0380018
268 0.0380125
269 0.0380202
270 0.038034
271 0.0380442
272 0.0380545
273 0.0380563
274 0.0380782
275 0.03809
276 0.0381079
277 0.038114
278 0.0381146
279 0.0381257
280 0.0381264
281 0.0381368
282 0.0381475
283 0.0381617
284 0.038169
285 0.0381828
286 0.0381793
287 0.0381893
288 0.0381909
289 0.0382015
290 0.0382139
291 0.0382196
292 0.0382224
293 0.0382341
294 0.0382436
295 0.0382509
296 0.0382714
297 0.0382843
298 0.0382824
299 0.0382868
300 0.0382933
301 0.0383038
302 0.0383086
303 0.0383053
304 0.0383259
305 0.0383447
306 0.0383519
307 0.0383683
308 0.0383737
309 0.0383829
310 0.0383852
311 0.0384001
312 0.0384089
313 0.0384158
314 0.0384193
315 0.0384323
316 0.0384455
317 0.0384558
318 0.038463
319 0.0384806
320 0.0384769
321 0.0384883
322 0.0384925
323 0.0384987
324 0.0385081
325 0.0385208
326 0.0385303
327 0.0385388
328 0.0385554
329 0.038569
330 0.0385804
331 0.038587
332 0.03861
333 0.038616
334 0.0386202
335 0.0386325
336 0.0386361
337 0.0386434
338 0.0386509
339 0.0386575
340 0.0386545
341 0.0386664
342 0.0386711
343 0.0386783
344 0.038692
345 0.0386909
346 0.0387059
347 0.0387149
348 0.038722
349 0.0387384
350 0.0387426
351 0.0387509
352 0.0387595
353 0.0387739
354 0.0387875
355 0.0387937
356 0.0387947
357 0.0387998
358 0.03881
359 0.0388171
360 0.0388232
361 0.0388277
362 0.0388295
363 0.0388375
364 0.0388471
365 0.0388494
366 0.0388538
367 0.0388701
368 0.0388814
369 0.0388803
370 0.0388984
371 0.0389078
372 0.0389173
373 0.0389206
374 0.0389262
375 0.0389278
376 0.0389248
377 0.0389257
378 0.0389332
379 0.0389459
380 0.0389597
381 0.0389665
382 0.0389722
383 0.0389905
384 0.0389949
385 0.0389988
386 0.0390109
387 0.0390165
388 0.0390167
389 0.039027
390 0.0390473
391 0.0390535
392 0.0390638
393 0.0390669
394 0.0390646
395 0.0390747
396 0.0390793
397 0.0390851
398 0.0390983
399 0.0390963
400 0.0391063
401 0.0391308
402 0.0391324
403 0.0391529
404 0.0391601
405 0.0391659
406 0.0391739
407 0.0391783
408 0.0391813
409 0.0391881
410 0.0391953
411 0.0392022
412 0.039215
413 0.0392276
414 0.0392282
415 0.0392296
416 0.0392321
417 0.0392485
418 0.0392526
419 0.0392584
420 0.0392683
421 0.0392832
422 0.0392956
423 0.0393028
424 0.0393032
425 0.0393064
426 0.0393165
427 0.0393138
428 0.0393224
429 0.0393284
430 0.0393358
431 0.0393415
432 0.0393425
433 0.0393532
434 0.0393587
435 0.0393675
436 0.0393797
437 0.0393795
438 0.0393867
439 0.0393883
440 0.0393954
441 0.039424
442 0.0394295
443 0.0394385
444 0.0394545
445 0.0394539
446 0.0394644
447 0.0394785
448 0.0394869
449 0.0394977
450 0.0395088
451 0.0395265
452 0.0395351
453 0.0395574
454 0.0395639
455 0.0395733
456 0.0395905
457 0.0396026
458 0.0396058
459 0.0396094
460 0.0396323
461 0.0396389
462 0.0396555
463 0.0396686
464 0.0396796
465 0.0396965
466 0.0396995
467 0.039712
468 0.0397372
469 0.0397481
470 0.0397561
471 0.0397619
472 0.0397643
473 0.0397812
474 0.0397815
475 0.0397951
476 0.0397973
477 0.0398039
478 0.0398183
479 0.039823
480 0.0398359
481 0.0398573
482 0.0398653
483 0.0398696
484 0.0398796
485 0.0398841
486 0.0398887
487 0.0398917
488 0.0398962
489 0.0399162
490 0.0399287
491 0.0399415
492 0.039949
493 0.0399586
494 0.0399715
495 0.0399836
496 0.039998
497 0.0400098
498 0.0400202
499 0.0400275
500 0.0400266
501 0.0400417
502 0.0400505
503 0.040062
504 0.0400817
505 0.0400975
506 0.0401135
507 0.0401137
508 0.0401158
509 0.0401277
510 0.0401366
511 0.0401489
512 0.0401491
513 0.0401571
514 0.0401499
515 0.0401511
516 0.0401471
517 0.0401565
518 0.0401755
519 0.0401764
520 0.0401857
521 0.0402046
522 0.0402146
523 0.0402208
524 0.0402201
525 0.0402341
526 0.0402509
527 0.0402678
528 0.040288
529 0.040289
530 0.0402927
531 0.0402954
532 0.040307
533 0.040317
534 0.0403296
535 0.0403397
536 0.0403538
537 0.04035
538 0.0403591
539 0.0403629
540 0.0403722
541 0.0403739
542 0.0403913
543 0.0404098
544 0.040409
545 0.0404101
546 0.0404238
547 0.040426
548 0.0404422
549 0.0404534
550 0.0404688
551 0.0404822
552 0.0404921
553 0.0404951
554 0.040499
555 0.0405091
556 0.0405143
557 0.0405272
558 0.0405274
559 0.0405349
560 0.0405549
561 0.0405694
562 0.0405679
563 0.0405753
564 0.0405929
565 0.0406022
566 0.0406067
567 0.0406208
568 0.0406435
569 0.0406524
570 0.0406578
571 0.0406637
572 0.0406685
573 0.0406733
574 0.040679
575 0.0406913
576 0.040694
577 0.0406916
578 0.0406976
579 0.0407078
580 0.040708
581 0.0407254
582 0.0407343
583 0.0407346
584 0.0407452
585 0.0407488
586 0.0407573
587 0.0407689
588 0.0407718
589 0.0407754
590 0.0407751
591 0.0407734
592 0.040776
593 0.0407815
594 0.0407982
595 0.04081
596 0.0408066
597 0.0408183
598 0.0408318
599 0.0408448
600 0.0408593
601 0.0408638
602 0.0408761
603 0.0408894
604 0.0408985
605 0.0409015
606 0.0409089
607 0.0409102
608 0.0409214
609 0.0409361
610 0.0409324
611 0.0409441
612 0.0409568
613 0.040963
614 0.0409721
615 0.0409906
616 0.0409993
617 0.0410189
618 0.041032
619 0.041046
620 0.0410453
621 0.0410476
622 0.0410589
623 0.041073
624 0.0410891
625 0.0410984
626 0.0411202
627 0.0411145
628 0.0411285
629 0.0411279
630 0.0411266
631 0.0411384
632 0.0411454
633 0.0411576
634 0.0411634
635 0.041168
636 0.0411712
637 0.0411795
638 0.0411831
639 0.0411865
640 0.0411903
641 0.0411974
642 0.0412195
643 0.0412302
644 0.041239
645 0.0412357
646 0.0412522
647 0.0412578
648 0.0412728
649 0.0412817
650 0.0412864
651 0.0413065
652 0.0413125
653 0.0413163
654 0.0413323
655 0.0413425
656 0.0413422
657 0.0413459
658 0.0413581
659 0.0413604
660 0.0413778
661 0.0413841
662 0.0413843
663 0.0413913
664 0.0414035
665 0.0414111
666 0.0414166
667 0.0414137
668 0.0414246
669 0.0414396
670 0.0414415
671 0.0414577
672 0.0414763
673 0.0414835
674 0.041503
675 0.0415161
676 0.0415343
677 0.04155
678 0.0415623
679 0.0415842
680 0.0416009
681 0.0416057
682 0.0416047
683 0.0416119
684 0.0416242
685 0.041624
686 0.0416302
687 0.0416406
688 0.0416584
689 0.0416564
690 0.0416688
691 0.0416862
692 0.0417072
693 0.0417149
694 0.0417257
695 0.0417362
696 0.0417364
697 0.0417482
698 0.0417576
699 0.0417689
700 0.0417889
701 0.0418003
702 0.0418066
703 0.0418089
704 0.0418148
705 0.0418289
706 0.0418338
707 0.0418368
708 0.041845
709 0.0418484
710 0.0418595
711 0.0418663
712 0.0418792
713 0.0418818
714 0.0418919
715 0.0418978
716 0.0419178
717 0.041928
718 0.041937
719 0.0419614
720 0.0419667
721 0.0419771
722 0.0419981
723 0.0420116
724 0.0420163
725 0.0420312
726 0.0420377
727 0.0420438
728 0.0420599
729 0.0420656
730 0.0420728
731 0.0420864
732 0.0420896
733 0.0420977
734 0.0421115
735 0.042121
736 0.0421319
737 0.0421528
738 0.0421569
739 0.0421749
740 0.0421863
741 0.042209
742 0.0422221
743 0.04222
744 0.0422359
745 0.0422512
746 0.0422628
747 0.0422659
748 0.0422732
749 0.0422785
750 0.0422899
751 0.0422967
752 0.0422936
753 0.042307
754 0.0423126
755 0.0423155
756 0.0423277
757 0.0423509
758 0.0423637
759 0.0423676
760 0.0423819
761 0.042395
762 0.0423972
763 0.0424027
764 0.042404
765 0.0424287
766 0.0424336
767 0.0424383
768 0.0424475
769 0.0424462
770 0.0424548
771 0.0424593
772 0.0424651
773 0.0424681
774 0.0424786
775 0.0424855
776 0.042486
777 0.0424946
778 0.0425048
779 0.0425213
780 0.0425297
781 0.0425387
782 0.0425489
783 0.0425469
784 0.0425577
785 0.0425684
786 0.0425721
787 0.0425818
788 0.0425847
789 0.0425935
790 0.042596
791 0.042619
792 0.0426348
793 0.0426391
794 0.0426398
795 0.0426481
796 0.0426473
797 0.0426605
798 0.0426735
799 0.0426839
800 0.0427009
801 0.0427061
802 0.0427099
803 0.0427169
804 0.0427212
805 0.0427275
806 0.0427447
807 0.0427492
808 0.0427587
809 0.0427671
810 0.0427777
811 0.0427806
812 0.0427905
813 0.0427927
814 0.0428007
815 0.0428136
816 0.0428181
817 0.0428253
818 0.042832
819 0.0428336
820 0.0428402
821 0.042848
822 0.0428559
823 0.0428736
824 0.0428728
825 0.0428892
826 0.0428958
827 0.0429103
828 0.0429137
829 0.0429229
830 0.042939
831 0.0429384
832 0.0429502
833 0.0429612
834 0.0429662
835 0.042969
836 0.0429642
837 0.0429857
838 0.0430052
839 0.0430112
840 0.0430182
841 0.0430189
842 0.0430227
843 0.0430231
844 0.0430327
845 0.0430518
846 0.043069
847 0.0430749
848 0.0430825
849 0.0430958
850 0.0431051
851 0.0431122
852 0.0431265
853 0.0431327
854 0.0431393
855 0.0431377
856 0.0431429
857 0.0431511
858 0.0431667
859 0.0431771
860 0.0431858
861 0.0431866
862 0.0431896
863 0.0431942
864 0.0431992
865 0.0432086
866 0.0432168
867 0.0432125
868 0.0432143
869 0.043234
870 0.0432393
871 0.043244
872 0.0432585
873 0.0432641
874 0.0432715
875 0.0432831
876 0.0432917
877 0.0432979
878 0.0433053
879 0.0433181
880 0.0433181
881 0.0433132
882 0.0433198
883 0.0433259
884 0.043323
885 0.04333
886 0.0433386
887 0.0433421
888 0.0433572
889 0.043355
890 0.0433616
891 0.0433696
892 0.0433709
893 0.0433841
894 0.0433932
895 0.0434024
896 0.0434109
897 0.04342
898 0.0434287
899 0.043445
900 0.0434488
901 0.0434495
902 0.0434554
903 0.0434637
904 0.0434748
905 0.0434792
906 0.0434951
907 0.0435094
908 0.0435095
909 0.0435131
910 0.0435268
911 0.0435427
912 0.0435532
913 0.0435728
914 0.0435775
915 0.0435965
916 0.0436169
917 0.043625
918 0.0436464
919 0.0436553
920 0.0436592
921 0.0436718
922 0.0436843
923 0.0436933
924 0.0437081
925 0.0437106
926 0.0437111
927 0.043721
928 0.0437326
929 0.04374
930 0.0437443
931 0.0437624
932 0.0437623
933 0.0437656
934 0.043782
935 0.0437847
936 0.0438096
937 0.0438219
938 0.0438293
939 0.0438262
940 0.0438266
941 0.0438338
942 0.0438522
943 0.0438679
944 0.0438685
945 0.043872
946 0.0438839
947 0.0438837
948 0.0438961
949 0.0438972
950 0.0439135
951 0.0439288
952 0.0439342
953 0.0439448
954 0.0439541
955 0.043966
956 0.0439768
957 0.0439815
958 0.0439875
959 0.0439923
960 0.0439987
961 0.0440108
962 0.0440133
963 0.0440181
964 0.0440326
965 0.0440428
966 0.0440468
967 0.0440626
968 0.0440753
969 0.0440823
970 0.0440889
971 0.0440948
972 0.0441027
973 0.0441121
974 0.0441118
975 0.0441322
976 0.0441435
977 0.0441502
978 0.0441629
979 0.0441767
980 0.044181
981 0.0441943
982 0.0442011
983 0.0442233
984 0.044243
985 0.0442528
986 0.0442745
987 0.0442752
988 0.0442937
989 0.0443084
990 0.0443119
991 0.0443153
992 0.0443171
993 0.044321
994 0.0443302
995 0.0443517
996 0.0443601
997 0.0443723
998 0.0443803
999 0.0443889
