0 0.571429
0 0.571431
1 0.571444
2 0.57143
3 0.571431
4 0.571427
5 0.571435
6 0.571436
7 0.571431
8 0.571433
9 0.571431
10 0.571432
11 0.571437
12 0.57145
13 0.571442
14 0.571427
15 0.571426
16 0.571431
17 0.571427
18 0.571429
19 0.571431
20 0.571424
21 0.571433
22 0.571439
23 0.571438
24 0.571443
25 0.571446
26 0.571445
27 0.571444
28 0.571437
29 0.571457
30 0.57147
31 0.571464
32 0.57147
33 0.571486
34 0.571488
35 0.571509
36 0.571516
37 0.571514
38 0.571513
39 0.571519
40 0.571524
41 0.571536
42 0.571544
43 0.571544
44 0.571546
45 0.571554
46 0.571549
47 0.571546
48 0.571542
49 0.571544
50 0.571534
51 0.571518
52 0.571516
53 0.571524
54 0.571536
55 0.571542
56 0.571556
57 0.57156
58 0.571558
59 0.571575
60 0.571574
61 0.57157
62 0.571573
63 0.57158
64 0.571573
65 0.571574
66 0.571587
67 0.571596
68 0.571594
69 0.571604
70 0.571602
71 0.571602
72 0.571613
73 0.571617
74 0.571623
75 0.571614
76 0.571617
77 0.571621
78 0.571636
79 0.571635
80 0.571646
81 0.57166
82 0.571646
83 0.571629
84 0.571623
85 0.571617
86 0.571605
87 0.571616
88 0.571617
89 0.571634
90 0.571641
91 0.571644
92 0.571635
93 0.571642
94 0.571637
95 0.571639
96 0.571637
97 0.571646
98 0.571646
99 0.571646
100 0.571648
101 0.571644
102 0.571648
103 0.57166
104 0.571665
105 0.57167
106 0.571664
107 0.571673
108 0.571665
109 0.571659
110 0.571658
111 0.571654
112 0.571645
113 0.571636
114 0.571645
115 0.571658
116 0.571661
117 0.57167
118 0.57168
119 0.571686
120 0.571705
121 0.571704
122 0.571693
123 0.571692
124 0.571681
125 0.571682
126 0.571683
127 0.571697
128 0.571699
129 0.571704
130 0.571722
131 0.571727
132 0.57173
133 0.57174
134 0.57173
135 0.571717
136 0.571724
137 0.571735
138 0.571732
139 0.571731
140 0.571737
141 0.571727
142 0.571733
143 0.571737
144 0.571729
145 0.571737
146 0.571748
147 0.571745
148 0.571739
149 0.571745
150 0.571737
151 0.571743
152 0.571759
153 0.571754
154 0.571749
155 0.571763
156 0.571751
157 0.571755
158 0.571744
159 0.571728
160 0.571733
161 0.571736
162 0.571745
163 0.571735
164 0.57173
165 0.571721
166 0.571722
167 0.571724
168 0.571711
169 0.571705
170 0.571705
171 0.571713
172 0.571714
173 0.571704
174 0.571698
175 0.571703
176 0.571717
177 0.571699
178 0.571712
179 0.571695
180 0.571713
181 0.57171
182 0.571706
183 0.571699
184 0.571702
185 0.571698
186 0.571694
187 0.571706
188 0.571711
189 0.571711
190 0.571705
191 0.571715
192 0.571716
193 0.571716
194 0.571719
195 0.571707
196 0.571713
197 0.571721
198 0.571716
199 0.571701
200 0.571714
201 0.571706
202 0.5717
203 0.571703
204 0.571717
205 0.571718
206 0.571725
207 0.571726
208 0.571728
209 0.571723
210 0.571705
211 0.571714
212 0.571715
213 0.571722
214 0.571727
215 0.571724
216 0.571728
217 0.57174
218 0.571747
219 0.571753
220 0.571751
221 0.57175
222 0.571753
223 0.571751
224 0.571756
225 0.571765
226 0.571764
227 0.571753
228 0.571729
229 0.571729
230 0.571739
231 0.571745
232 0.571759
233 0.571776
234 0.571783
235 0.571785
236 0.571792
237 0.571785
238 0.571784
239 0.571774
240 0.571781
241 0.571776
242 0.571773
243 0.571775
244 0.571759
245 0.571752
246 0.571754
247 0.571755
248 0.571773
249 0.571764
250 0.571768
251 0.571766
252 0.57177
253 0.571761
254 0.571777
255 0.571771
256 0.571785
257 0.571797
258 0.57178
259 0.571771
260 0.571761
261 0.571781
262 0.571771
263 0.571768
264 0.571769
265 0.571767
266 0.571778
267 0.571776
268 0.571773
269 0.571767
270 0.571779
271 0.571779
272 0.571796
273 0.571803
274 0.571794
275 0.571798
276 0.571798
277 0.571817
278 0.571818
279 0.57183
280 0.571847
281 0.571863
282 0.571864
283 0.571862
284 0.571864
285 0.571859
286 0.571874
287 0.571883
288 0.571888
289 0.571898
290 0.57189
291 0.571879
292 0.571878
293 0.571886
294 0.571871
295 0.571859
296 0.571858
297 0.571856
298 0.57186
299 0.571863
300 0.571869
301 0.57187
302 0.571869
303 0.571873
304 0.571879
305 0.571873
306 0.571886
307 0.571882
308 0.571891
309 0.571896
310 0.571893
311 0.571886
312 0.571896
313 0.571908
314 0.571916
315 0.57192
316 0.57191
317 0.571935
318 0.571937
319 0.571925
320 0.571938
321 0.571931
322 0.571929
323 0.57193
324 0.571947
325 0.571956
326 0.571952
327 0.571954
328 0.571956
329 0.571954
330 0.571951
331 0.571946
332 0.571949
333 0.571963
334 0.571982
335 0.571982
336 0.571985
337 0.571994
338 0.571998
339 0.572005
340 0.572014
341 0.572016
342 0.57201
343 0.57201
344 0.572012
345 0.572019
346 0.572007
347 0.572016
348 0.57201
349 0.572001
350 0.572001
351 0.571996
352 0.571982
353 0.571989
354 0.571996
355 0.572009
356 0.57201
357 0.572022
358 0.572024
359 0.572038
360 0.572041
361 0.572052
362 0.572046
363 0.572036
364 0.572033
365 0.572053
366 0.572062
367 0.572047
368 0.572047
369 0.57205
370 0.572042
371 0.572048
372 0.572046
373 0.572043
374 0.572043
375 0.572043
376 0.572054
377 0.57207
378 0.572075
379 0.572079
380 0.572078
381 0.572076
382 0.572062
383 0.572059
384 0.57206
385 0.572077
386 0.572073
387 0.572068
388 0.572073
389 0.572084
390 0.572078
391 0.572091
392 0.57208
393 0.572084
394 0.572079
395 0.57208
396 0.572073
397 0.572071
398 0.572098
399 0.5721
400 0.572099
401 0.572095
402 0.572106
403 0.572111
404 0.572113
405 0.572121
406 0.572125
407 0.572131
408 0.572136
409 0.572149
410 0.572153
411 0.572161
412 0.57216
413 0.572168
414 0.572158
415 0.572159
416 0.572156
417 0.572149
418 0.572154
419 0.57214
420 0.57215
421 0.572142
422 0.572141
423 0.572146
424 0.572151
425 0.572157
426 0.572158
427 0.572172
428 0.572173
429 0.572175
430 0.572187
431 0.5722
432 0.572221
433 0.572229
434 0.572241
435 0.57225
436 0.572251
437 0.572264
438 0.572269
439 0.572267
440 0.572278
441 0.572269
442 0.572265
443 0.572262
444 0.572269
445 0.57227
446 0.57226
447 0.572258
448 0.57225
449 0.572247
450 0.572239
451 0.572224
452 0.572231
453 0.572224
454 0.572221
455 0.572211
456 0.572211
457 0.572208
458 0.572213
459 0.572228
460 0.572221
461 0.572228
462 0.572224
463 0.57222
464 0.572215
465 0.572213
466 0.572218
467 0.572218
468 0.572203
469 0.572203
470 0.572189
471 0.572193
472 0.57219
473 0.572193
474 0.572204
475 0.572193
476 0.572211
477 0.572222
478 0.572222
479 0.572232
480 0.572225
481 0.572234
482 0.572258
483 0.572273
484 0.572287
485 0.572299
486 0.572309
487 0.572328
488 0.572337
489 0.572335
490 0.572346
491 0.572343
492 0.572355
493 0.572355
494 0.572348
495 0.57235
496 0.572352
497 0.57234
498 0.572347
499 0.572341
500 0.572358
501 0.572347
502 0.572328
503 0.572332
504 0.572346
505 0.572337
506 0.572331
507 0.572323
508 0.572314
509 0.572306
510 0.572328
511 0.572334
512 0.572346
513 0.572352
514 0.572368
515 0.572377
516 0.572381
517 0.572383
518 0.572371
519 0.57238
520 0.572391
521 0.572383
522 0.572383
523 0.572384
524 0.572389
525 0.57237
526 0.572383
527 0.572378
528 0.572372
529 0.572383
530 0.572398
531 0.572395
532 0.572381
533 0.572377
534 0.572382
535 0.572371
536 0.572363
537 0.572356
538 0.572352
539 0.572345
540 0.572337
541 0.572328
542 0.572317
543 0.572312
544 0.572318
545 0.572335
546 0.572325
547 0.572317
548 0.572324
549 0.572311
550 0.572289
551 0.572282
552 0.572301
553 0.572309
554 0.572315
555 0.572316
556 0.572335
557 0.572338
558 0.572337
559 0.572333
560 0.572335
561 0.572337
562 0.572348
563 0.572356
564 0.572359
565 0.572372
566 0.57237
567 0.572383
568 0.572373
569 0.572366
570 0.572359
571 0.572353
572 0.57236
573 0.572375
574 0.572396
575 0.57238
576 0.572403
577 0.57242
578 0.572426
579 0.572432
580 0.572437
581 0.572429
582 0.572435
583 0.572448
584 0.572457
585 0.572456
586 0.572463
587 0.57247
588 0.572477
589 0.572476
590 0.572484
591 0.572494
592 0.572508
593 0.572518
594 0.572513
595 0.572515
596 0.57252
597 0.572503
598 0.572504
599 0.572507
600 0.5725
601 0.572513
602 0.572515
603 0.57251
604 0.572527
605 0.572523
606 0.57251
607 0.572514
608 0.572518
609 0.572525
610 0.572537
611 0.572534
612 0.572545
613 0.572544
614 0.572561
615 0.572559
616 0.572562
617 0.572553
618 0.572564
619 0.572556
620 0.572572
621 0.572571
622 0.572571
623 0.572572
624 0.572563
625 0.572568
626 0.572568
627 0.572588
628 0.572584
629 0.572599
630 0.572616
631 0.572614
632 0.57261
633 0.572596
634 0.572601
635 0.572607
636 0.572615
637 0.572625
638 0.572621
639 0.572626
640 0.572631
641 0.572632
642 0.572631
643 0.572641
644 0.572644
645 0.57265
646 0.572645
647 0.572649
648 0.572647
649 0.572642
650 0.572648
651 0.572641
652 0.572639
653 0.572643
654 0.572648
655 0.572642
656 0.572648
657 0.572657
658 0.572661
659 0.572656
660 0.572646
661 0.572655
662 0.572662
663 0.57266
664 0.572658
665 0.572671
666 0.572683
667 0.572695
668 0.572702
669 0.572713
670 0.572718
671 0.572713
672 0.572711
673 0.572721
674 0.57273
675 0.572736
676 0.572745
677 0.572748
678 0.57274
679 0.57275
680 0.572757
681 0.572761
682 0.572764
683 0.572761
684 0.572752
685 0.572753
686 0.57275
687 0.572763
688 0.572766
689 0.572773
690 0.572773
691 0.572762
692 0.572752
693 0.572738
694 0.572744
695 0.572743
696 0.572754
697 0.572749
698 0.572754
699 0.572753
700 0.572744
701 0.572762
702 0.57276
703 0.572768
704 0.57276
705 0.572758
706 0.572758
707 0.572755
708 0.572752
709 0.572753
710 0.572762
711 0.57275
712 0.572762
713 0.572765
714 0.572758
715 0.572759
716 0.57276
717 0.572767
718 0.572773
719 0.572762
720 0.572772
721 0.572767
722 0.572766
723 0.572768
724 0.572765
725 0.572755
726 0.572756
727 0.572764
728 0.572766
729 0.572793
730 0.572786
731 0.57279
732 0.572781
733 0.572771
734 0.572764
735 0.572772
736 0.572757
737 0.572767
738 0.57276
739 0.572757
740 0.572752
741 0.572735
742 0.572744
743 0.572751
744 0.572738
745 0.572736
746 0.572733
747 0.572755
748 0.572769
749 0.572775
750 0.572761
751 0.57276
752 0.572777
753 0.572796
754 0.572794
755 0.572787
756 0.572774
757 0.572778
758 0.572778
759 0.572779
760 0.572791
761 0.572788
762 0.572778
763 0.572777
764 0.572781
765 0.572777
766 0.57278
767 0.572768
768 0.57277
769 0.57278
770 0.572788
771 0.572793
772 0.572785
773 0.572783
774 0.572789
775 0.572802
776 0.572794
777 0.572791
778 0.572783
779 0.572791
780 0.572797
781 0.572798
782 0.5728
783 0.572801
784 0.572799
785 0.572795
786 0.572793
787 0.572797
788 0.572809
789 0.57281
790 0.572805
791 0.572803
792 0.572797
793 0.572785
794 0.572789
795 0.572795
796 0.57281
797 0.572807
798 0.572792
799 0.572793
800 0.572782
801 0.572782
802 0.57279
803 0.572801
804 0.572812
805 0.57283
806 0.572824
807 0.572816
808 0.572824
809 0.57282
810 0.572831
811 0.572829
812 0.572825
813 0.572836
814 0.572832
815 0.572825
816 0.572838
817 0.572841
818 0.572844
819 0.57284
820 0.572845
821 0.572835
822 0.572845
823 0.572849
824 0.572845
825 0.572858
826 0.572862
827 0.572855
828 0.572845
829 0.572852
830 0.572842
831 0.572851
832 0.572855
833 0.572858
834 0.572864
835 0.572872
836 0.572874
837 0.572873
838 0.572873
839 0.572866
840 0.572865
841 0.572846
842 0.572847
843 0.572855
844 0.572862
845 0.572856
846 0.572852
847 0.572854
848 0.572859
849 0.572866
850 0.572854
851 0.57286
852 0.572864
853 0.572866
854 0.572881
855 0.572886
856 0.572896
857 0.572898
858 0.572899
859 0.572903
860 0.572919
861 0.572917
862 0.572921
863 0.572909
864 0.572913
865 0.572916
866 0.572907
867 0.572921
868 0.572927
869 0.572938
870 0.572934
871 0.572931
872 0.572944
873 0.572941
874 0.572946
875 0.572951
876 0.572957
877 0.57295
878 0.572952
879 0.572941
880 0.572944
881 0.572947
882 0.572944
883 0.572939
884 0.572957
885 0.572955
886 0.572965
887 0.572948
888 0.572943
889 0.572948
890 0.572947
891 0.572943
892 0.57294
893 0.572938
894 0.57294
895 0.572934
896 0.572936
897 0.57292
898 0.572921
899 0.572929
900 0.57293
901 0.572918
902 0.572921
903 0.572933
904 0.572936
905 0.572953
906 0.572944
907 0.572937
908 0.572942
909 0.572957
910 0.57294
911 0.572938
912 0.572937
913 0.572933
914 0.572938
915 0.572936
916 0.572937
917 0.572939
918 0.572946
919 0.572946
920 0.57295
921 0.572939
922 0.572934
923 0.572948
924 0.572952
925 0.57296
926 0.572978
927 0.572974
928 0.572972
929 0.572991
930 0.572992
931 0.572986
932 0.572988
933 0.573006
934 0.572998
935 0.573005
936 0.573002
937 0.573003
938 0.573001
939 0.573009
940 0.573014
941 0.573011
942 0.573003
943 0.573018
944 0.57303
945 0.573041
946 0.57303
947 0.573037
948 0.573035
949 0.573044
950 0.57303
951 0.573037
952 0.57303
953 0.573028
954 0.573022
955 0.573021
956 0.573012
957 0.573005
958 0.573013
959 0.573011
960 0.573009
961 0.573013
962 0.573008
963 0.57301
964 0.573018
965 0.573009
966 0.573013
967 0.573004
968 0.57299
969 0.572997
970 0.572988
971 0.572999
972 0.573005
973 0.572998
974 0.573007
975 0.573001
976 0.573004
977 0.57301
978 0.573023
979 0.573034
980 0.573037
981 0.573036
982 0.573032
983 0.573023
984 0.573015
985 0.573016
986 0.573015
987 0.573023
988 0.573017
989 0.573009
990 0.573003
991 0.573005
992 0.573017
993 0.573013
994 0.57301
995 0.573008
996 0.572993
997 0.572997
998 0.572993
999 0.572994
