0 0.0357143
0 0.0357136
1 0.0357098
2 0.0357162
3 0.0357203
4 0.0357357
5 0.0357364
6 0.0357359
7 0.0357427
8 0.0357447
9 0.0357504
10 0.0357491
11 0.0357506
12 0.0357471
13 0.0357513
14 0.0357555
15 0.0357786
16 0.0357794
17 0.0357835
18 0.0357829
19 0.0357791
20 0.0357832
21 0.0357927
22 0.0357936
23 0.0358056
24 0.0358068
25 0.0358167
26 0.0358159
27 0.0358182
28 0.0358206
29 0.0358152
30 0.0358183
31 0.0358145
32 0.0358138
33 0.0358164
34 0.0358109
35 0.0358047
36 0.0358172
37 0.0358186
38 0.0358148
39 0.0358198
40 0.0358263
41 0.035829
42 0.035834
43 0.0358375
44 0.035848
45 0.0358503
46 0.0358479
47 0.0358438
48 0.0358457
49 0.035848
50 0.0358576
51 0.0358584
52 0.0358538
53 0.0358619
54 0.0358643
55 0.0358674
56 0.0358654
57 0.0358728
58 0.0358821
59 0.0358893
60 0.0358949
61 0.0358963
62 0.0358939
63 0.0359081
64 0.0359093
65 0.0359087
66 0.0359047
67 0.035905
68 0.0359075
69 0.0359041
70 0.0359125
71 0.0359147
72 0.035915
73 0.0359113
74 0.0359195
75 0.035923
76 0.0359189
77 0.0359329
78 0.0359327
79 0.035938
80 0.0359414
81 0.0359351
82 0.0359472
83 0.0359427
84 0.035955
85 0.0359497
86 0.0359519
87 0.0359531
88 0.0359532
89 0.0359525
90 0.035958
91 0.0359595
92 0.0359691
93 0.0359666
94 0.0359644
95 0.0359703
96 0.0359668
97 0.0359732
98 0.0359741
99 0.0359704
100 0.0359718
101 0.0359708
102 0.0359691
103 0.0359757
104 0.0359731
105 0.0359741
106 0.0359791
107 0.0359807
108 0.0359829
109 0.0359868
110 0.0359877
111 0.0359871
112 0.0359832
113 0.0359922
114 0.0359973
115 0.0360048
116 0.0360131
117 0.0360187
118 0.0360207
119 0.036028
120 0.0360267
121 0.0360265
122 0.0360282
123 0.0360293
124 0.0360421
125 0.0360416
126 0.0360474
127 0.0360444
128 0.0360398
129 0.0360376
130 0.0360371
131 0.036041
132 0.0360403
133 0.0360375
134 0.0360374
135 0.0360446
136 0.0360412
137 0.0360362
138 0.0360356
139 0.0360353
140 0.036029
141 0.0360409
142 0.0360379
143 0.0360373
144 0.0360437
145 0.0360468
146 0.0360498
147 0.0360535
148 0.0360506
149 0.0360454
150 0.0360474
151 0.0360485
152 0.0360518
153 0.0360622
154 0.0360656
155 0.0360792
156 0.0360833
157 0.0360925
158 0.036104
159 0.0361097
160 0.0361099
161 0.0361094
162 0.036112
163 0.0361154
164 0.0361322
165 0.0361369
166 0.0361412
167 0.0361516
168 0.0361715
169 0.0361733
170 0.0361768
171 0.0361757
172 0.0361762
173 0.0361795
174 0.0361867
175 0.0361845
176 0.0361874
177 0.0361904
178 0.0362001
179 0.0362071
180 0.0362168
181 0.0362156
182 0.0362113
183 0.0362177
184 0.0362136
185 0.0362205
186 0.0362233
187 0.0362218
188 0.0362285
189 0.0362271
190 0.0362344
191 0.0362306
192 0.0362338
193 0.0362334
194 0.0362314
195 0.0362283
196 0.036224
197 0.0362291
198 0.0362315
199 0.0362362
200 0.0362297
201 0.0362326
202 0.0362305
203 0.0362291
204 0.0362234
205 0.0362199
206 0.0362197
207 0.0362259
208 0.0362238
209 0.0362283
210 0.03624
211 0.0362409
212 0.0362393
213 0.0362361
214 0.0362332
215 0.0362294
216 0.0362235
217 0.0362257
218 0.036224
219 0.0362303
220 0.0362314
221 0.03623
222 0.0362312
223 0.0362322
224 0.036233
225 0.0362311
226 0.036232
227 0.0362377
228 0.0362424
229 0.0362405
230 0.036242
231 0.0362444
232 0.0362417
233 0.0362407
234 0.0362473
235 0.0362535
236 0.0362574
237 0.0362596
238 0.036261
239 0.0362669
240 0.0362619
241 0.0362623
242 0.0362649
243 0.0362678
244 0.0362748
245 0.0362783
246 0.0362726
247 0.0362805
248 0.0362868
249 0.0362869
250 0.0362802
251 0.0362898
252 0.0362862
253 0.036285
254 0.0362834
255 0.0362849
256 0.0362962
257 0.0363016
258 0.0363076
259 0.0363078
260 0.0363173
261 0.036319
262 0.0363168
263 0.0363182
264 0.0363242
265 0.0363386
266 0.036336
267 0.0363335
268 0.0363361
269 0.0363316
270 0.0363261
271 0.036326
272 0.0363298
273 0.0363301
274 0.0363298
275 0.0363348
276 0.0363282
277 0.036322
278 0.0363281
279 0.036332
280 0.0363385
281 0.0363374
282 0.0363375
283 0.0363467
284 0.0363503
285 0.0363477
286 0.0363612
287 0.0363658
288 0.0363632
289 0.0363606
290 0.0363655
291 0.0363737
292 0.0363781
293 0.0363782
294 0.0363861
295 0.0363987
296 0.0363965
297 0.0363946
298 0.0364032
299 0.036414
300 0.036411
301 0.0364147
302 0.0364288
303 0.0364248
304 0.0364214
305 0.0364281
306 0.036435
307 0.0364337
308 0.0364378
309 0.0364381
310 0.0364535
311 0.0364528
312 0.0364462
313 0.036464
314 0.0364675
315 0.0364697
316 0.0364771
317 0.0364763
318 0.0364755
319 0.0364719
320 0.0364723
321 0.036473
322 0.0364758
323 0.0364741
324 0.0364714
325 0.0364669
326 0.0364661
327 0.0364632
328 0.0364645
329 0.0364651
330 0.036467
331 0.036472
332 0.0364678
333 0.0364727
334 0.0364662
335 0.0364657
336 0.0364694
337 0.0364652
338 0.0364732
339 0.0364798
340 0.0364773
341 0.0364765
342 0.0364947
343 0.0364878
344 0.0364894
345 0.0364896
346 0.0364927
347 0.0364961
348 0.0365056
349 0.0365082
350 0.0365172
351 0.0365246
352 0.0365323
353 0.0365356
354 0.0365369
355 0.0365353
356 0.0365423
357 0.0365423
358 0.0365511
359 0.0365453
360 0.036552
361 0.0365548
362 0.0365646
363 0.0365646
364 0.0365659
365 0.0365731
366 0.0365756
367 0.0365787
368 0.0365815
369 0.0365912
370 0.036605
371 0.0366038
372 0.036606
373 0.036613
374 0.0366143
375 0.036614
376 0.0366113
377 0.036613
378 0.03661
379 0.0366119
380 0.0366107
381 0.0366117
382 0.0366176
383 0.03662
384 0.0366165
385 0.0366163
386 0.0366185
387 0.0366223
388 0.0366295
389 0.036627
390 0.0366273
391 0.036623
392 0.036626
393 0.0366324
394 0.0366448
395 0.0366493
396 0.0366533
397 0.0366587
398 0.0366531
399 0.0366565
400 0.0366582
401 0.0366545
402 0.0366568
403 0.036654
404 0.0366638
405 0.0366685
406 0.0366682
407 0.0366756
408 0.03668
409 0.0366775
410 0.036675
411 0.0366688
412 0.0366705
413 0.0366657
414 0.0366674
415 0.0366644
416 0.0366632
417 0.0366652
418 0.0366614
419 0.036659
420 0.0366588
421 0.0366674
422 0.0366649
423 0.0366616
424 0.036659
425 0.0366605
426 0.0366557
427 0.0366527
428 0.0366485
429 0.0366492
430 0.0366446
431 0.0366451
432 0.0366463
433 0.0366433
434 0.0366433
435 0.0366392
436 0.0366403
437 0.0366401
438 0.0366381
439 0.0366464
440 0.0366454
441 0.0366446
442 0.0366455
443 0.0366465
444 0.0366478
445 0.036651
446 0.0366546
447 0.0366515
448 0.0366535
449 0.0366594
450 0.0366588
451 0.0366732
452 0.0366753
453 0.0366708
454 0.0366776
455 0.0366803
456 0.0366811
457 0.036687
458 0.0366919
459 0.0366907
460 0.0366939
461 0.0366992
462 0.0367016
463 0.0366976
464 0.0367014
465 0.036708
466 0.0367106
467 0.0367127
468 0.036715
469 0.0367179
470 0.0367216
471 0.0367265
472 0.0367269
473 0.0367247
474 0.0367297
475 0.0367478
476 0.0367521
477 0.0367451
478 0.0367387
479 0.0367351
480 0.0367343
481 0.036733
482 0.0367288
483 0.0367278
484 0.0367247
485 0.0367246
486 0.0367311
487 0.0367307
488 0.03673
489 0.0367304
490 0.0367259
491 0.036723
492 0.0367164
493 0.0367149
494 0.0367156
495 0.0367141
496 0.0367179
497 0.0367162
498 0.0367119
499 0.0367126
500 0.0367152
501 0.0367122
502 0.0367152
503 0.0367122
504 0.0367103
505 0.0367107
506 0.0367111
507 0.0367111
508 0.0367127
509 0.0367168
510 0.0367167
511 0.0367191
512 0.0367216
513 0.0367273
514 0.0367331
515 0.0367354
516 0.0367399
517 0.0367394
518 0.0367397
519 0.0367348
520 0.0367383
521 0.036732
522 0.0367288
523 0.0367286
524 0.0367279
525 0.0367304
526 0.0367246
527 0.0367322
528 0.0367361
529 0.0367367
530 0.036743
531 0.0367415
532 0.0367463
533 0.0367457
534 0.0367482
535 0.0367519
536 0.0367597
537 0.0367614
538 0.0367614
539 0.0367598
540 0.0367568
541 0.0367601
542 0.0367614
543 0.0367644
544 0.0367713
545 0.0367661
546 0.0367695
547 0.0367715
548 0.0367648
549 0.0367639
550 0.036769
551 0.0367684
552 0.0367737
553 0.0367747
554 0.0367718
555 0.0367696
556 0.0367717
557 0.0367704
558 0.0367766
559 0.0367728
560 0.0367708
561 0.0367729
562 0.036773
563 0.036773
564 0.0367771
565 0.0367731
566 0.0367777
567 0.0367827
568 0.0367928
569 0.0367956
570 0.0367944
571 0.0367909
572 0.0367936
573 0.0367956
574 0.0367977
575 0.0368026
576 0.0368039
577 0.0368084
578 0.0368086
579 0.0368099
580 0.0368098
581 0.036812
582 0.036812
583 0.0368111
584 0.0368141
585 0.0368167
586 0.0368186
587 0.0368145
588 0.0368139
589 0.0368116
590 0.0368178
591 0.0368262
592 0.0368324
593 0.0368287
594 0.0368325
595 0.0368283
596 0.0368264
597 0.0368254
598 0.0368244
599 0.0368173
600 0.0368128
601 0.0368126
602 0.036814
603 0.0368145
604 0.036809
605 0.0368221
606 0.0368252
607 0.0368247
608 0.0368287
609 0.0368232
610 0.0368276
611 0.0368222
612 0.0368278
613 0.0368248
614 0.0368221
615 0.0368202
616 0.0368208
617 0.0368234
618 0.0368178
619 0.0368212
620 0.036816
621 0.0368173
622 0.0368238
623 0.036825
624 0.0368266
625 0.0368225
626 0.036823
627 0.0368284
628 0.0368323
629 0.0368294
630 0.0368336
631 0.036828
632 0.0368325
633 0.0368347
634 0.0368377
635 0.0368382
636 0.0368361
637 0.0368376
638 0.0368381
639 0.0368416
640 0.036849
641 0.0368514
642 0.0368507
643 0.0368497
644 0.0368513
645 0.0368448
646 0.036846
647 0.0368415
648 0.0368435
649 0.0368405
650 0.0368468
651 0.0368469
652 0.0368551
653 0.0368502
654 0.0368468
655 0.036855
656 0.0368599
657 0.036862
658 0.0368628
659 0.0368627
660 0.0368631
661 0.0368565
662 0.036858
663 0.0368579
664 0.0368602
665 0.0368705
666 0.0368715
667 0.0368682
668 0.0368707
669 0.0368694
670 0.0368756
671 0.0368721
672 0.0368704
673 0.0368721
674 0.0368732
675 0.0368758
676 0.0368733
677 0.0368771
678 0.0368759
679 0.0368708
680 0.0368674
681 0.0368737
682 0.0368709
683 0.0368678
684 0.0368695
685 0.0368752
686 0.036883
687 0.0368874
688 0.0368889
689 0.0368926
690 0.0368996
691 0.036896
692 0.0368949
693 0.0368966
694 0.0369011
695 0.0368966
696 0.036892
697 0.0368883
698 0.0368844
699 0.036885
700 0.0368857
701 0.0368841
702 0.0368848
703 0.0368824
704 0.0368854
705 0.0368819
706 0.0368827
707 0.0368774
708 0.0368766
709 0.0368795
710 0.0368761
711 0.0368811
712 0.0368776
713 0.0368817
714 0.0368867
715 0.0368878
716 0.0368815
717 0.0368787
718 0.0368874
719 0.0368905
720 0.0368929
721 0.0368941
722 0.0368931
723 0.036894
724 0.0369028
725 0.0369105
726 0.0369096
727 0.0369149
728 0.0369189
729 0.0369166
730 0.0369153
731 0.0369201
732 0.0369331
733 0.0369328
734 0.0369413
735 0.0369437
736 0.036949
737 0.0369441
738 0.0369472
739 0.0369453
740 0.0369451
741 0.0369552
742 0.0369542
743 0.0369476
744 0.0369486
745 0.0369537
746 0.0369539
747 0.0369575
748 0.0369587
749 0.0369676
750 0.0369722
751 0.0369685
752 0.0369688
753 0.0369636
754 0.036971
755 0.0369815
756 0.0369902
757 0.0369905
758 0.0369944
759 0.0369952
760 0.0369963
761 0.0369964
762 0.0370042
763 0.0369999
764 0.0370033
765 0.0370031
766 0.0370048
767 0.0370178
768 0.0370145
769 0.037018
770 0.037013
771 0.0370226
772 0.0370347
773 0.0370333
774 0.0370367
775 0.0370353
776 0.0370445
777 0.0370436
778 0.0370463
779 0.0370455
780 0.0370438
781 0.0370478
782 0.0370451
783 0.0370386
784 0.0370384
785 0.0370353
786 0.0370384
787 0.0370368
788 0.0370325
789 0.0370374
790 0.037048
791 0.0370447
792 0.0370485
793 0.037053
794 0.0370556
795 0.0370584
796 0.0370594
797 0.0370615
798 0.0370622
799 0.0370673
800 0.037068
801 0.0370773
802 0.0370886
803 0.0370873
804 0.03709
805 0.0370852
806 0.0370929
807 0.0370884
808 0.0370895
809 0.0370869
810 0.0370896
811 0.037102
812 0.0371045
813 0.0370986
814 0.0371054
815 0.0371048
816 0.0371126
817 0.0371082
818 0.0371059
819 0.0371135
820 0.0371191
821 0.037127
822 0.037123
823 0.0371236
824 0.0371219
825 0.0371237
826 0.0371235
827 0.0371305
828 0.0371462
829 0.0371482
830 0.0371595
831 0.0371653
832 0.0371753
833 0.0371713
834 0.037173
835 0.0371794
836 0.0371824
837 0.0371828
838 0.0371815
839 0.0371834
840 0.0371846
841 0.037185
842 0.0371857
843 0.0371922
844 0.0371881
845 0.0371937
846 0.0371937
847 0.0371995
848 0.0372035
849 0.0372008
850 0.0372196
851 0.037224
852 0.0372176
853 0.0372135
854 0.0372145
855 0.0372176
856 0.0372204
857 0.0372222
858 0.0372343
859 0.0372415
860 0.0372403
861 0.0372469
862 0.0372543
863 0.0372691
864 0.03728
865 0.0372864
866 0.0372866
867 0.0372951
868 0.0372991
869 0.0372966
870 0.0373103
871 0.037312
872 0.0373085
873 0.0373128
874 0.0373212
875 0.0373235
876 0.0373275
877 0.0373285
878 0.0373346
879 0.037341
880 0.0373426
881 0.0373524
882 0.0373485
883 0.0373578
884 0.0373597
885 0.0373629
886 0.0373585
887 0.0373609
888 0.0373566
889 0.0373606
890 0.0373572
891 0.0373591
892 0.0373597
893 0.037357
894 0.0373559
895 0.0373724
896 0.037379
897 0.0373828
898 0.0373823
899 0.0373782
900 0.0373718
901 0.0373769
902 0.037379
903 0.0373757
904 0.0373781
905 0.0373792
906 0.0373802
907 0.0373876
908 0.037386
909 0.0373867
910 0.037391
911 0.0373929
912 0.0373932
913 0.0373916
914 0.0373966
915 0.0373925
916 0.0373865
917 0.0373889
918 0.037385
919 0.0373818
920 0.0373864
921 0.0373841
922 0.0373816
923 0.0373842
924 0.0373825
925 0.0373875
926 0.0373889
927 0.0374011
928 0.0374083
929 0.037408
930 0.037416
931 0.0374138
932 0.0374116
933 0.0374186
934 0.0374241
935 0.0374233
936 0.0374177
937 0.0374171
938 0.0374158
939 0.0374207
940 0.0374214
941 0.0374224
942 0.0374242
943 0.037425
944 0.0374296
945 0.0374321
946 0.0374329
947 0.0374421
948 0.0374441
949 0.0374509
950 0.0374611
951 0.0374544
952 0.0374639
953 0.0374591
954 0.0374583
955 0.037455
956 0.0374512
957 0.0374608
958 0.0374626
959 0.0374561
960 0.0374614
961 0.0374581
962 0.0374615
963 0.0374664
964 0.0374658
965 0.0374824
966 0.0374839
967 0.037484
968 0.0374851
969 0.0374782
970 0.0374771
971 0.037477
972 0.0374779
973 0.037474
974 0.0374724
975 0.0374705
976 0.0374766
977 0.0374785
978 0.0374799
979 0.0374729
980 0.0374842
981 0.0374866
982 0.0374886
983 0.0374998
984 0.037493
985 0.03749
986 0.0374858
987 0.0374833
988 0.0374828
989 0.0374787
990 0.0374729
991 0.0374717
992 0.0374721
993 0.037475
994 0.0374821
995 0.0374851
996 0.0374902
997 0.037492
998 0.0374947
999 0.0374962
